problem           rtol   arm    att LU/att pcs/att     kW     k* dir MF/att pc MF/att  ratio  per-attempt pc split (LU/PC/JVP/orth/other, MF)
semilin2d-32      0.0001 lag     24  0.542    33.6    9.3  125.4       1.18      3.47  2.935  0.22/1.44/0.47/0.91/0.43
semilin2d-32      0.0001 lin     24  0.708    63.6    9.3  137.8       1.18      6.70  5.674  0.28/2.73/0.90/2.39/0.40
semilin2d-32      1e-06  lag     35  0.114    51.8    9.3  110.5       1.19      5.04  4.230  0.05/2.23/0.73/1.63/0.41
semilin2d-32      1e-06  lin     35  0.143    61.8    9.3  124.8       1.19      6.15  5.161  0.06/2.65/0.87/2.17/0.40
semilin2d-32      1e-08  lag     69  0.072    47.1    9.3   91.9       1.21      4.50  3.724  0.03/2.02/0.66/1.37/0.42
semilin2d-32      1e-08  lin     69  0.072    57.5    9.3  111.9       1.21      5.61  4.645  0.03/2.47/0.81/1.90/0.41
semilin2d-64      0.0001 lag     23  0.522    35.1   17.9  109.0       7.99     18.49  2.314  2.24/8.45/1.99/4.10/1.71
semilin2d-64      0.0001 lin     23  0.696    64.1   17.9  123.6       7.99     33.45  4.185  2.99/15.44/3.64/9.76/1.61
semilin2d-64      1e-06  lag     37  0.270    44.8   17.9   96.1       8.01     21.75  2.714  1.16/10.80/2.55/5.58/1.67
semilin2d-64      1e-06  lin     37  0.324    61.9   17.9  111.4       8.01     30.53  3.809  1.39/14.90/3.52/9.10/1.61
semilin2d-64      1e-08  lag     73  0.068    56.1   17.9   98.9       8.09     26.27  3.247  0.29/13.50/3.19/7.63/1.66
semilin2d-64      1e-08  lin     73  0.082    57.6   17.9   95.5       8.09     26.79  3.312  0.35/13.86/3.27/7.66/1.65
semilin2d-128     0.0001 lag     23  0.522    35.0   32.6   95.9      59.02     97.71  1.655  21.77/44.77/7.99/16.33/6.85
semilin2d-128     0.0001 lin     23  0.696    64.5   32.6  121.1      59.02    172.22  2.918  29.02/82.47/14.72/39.57/6.44
semilin2d-128     1e-06  lag     36  0.250    46.4   32.6   86.1      59.15    110.44  1.867  10.43/59.30/10.59/23.46/6.67
semilin2d-128     1e-06  lin     36  0.333    62.1   32.6  103.7      59.15    150.05  2.537  13.91/79.37/14.17/36.12/6.47
semilin2d-128     1e-08  lag     76  0.079    55.0   32.6   86.2      59.42    122.59  2.063  3.29/70.40/12.57/29.66/6.67
semilin2d-128     1e-08  lin     76  0.092    58.5   32.6   88.0      59.42    130.29  2.193  3.84/74.86/13.36/31.62/6.60
semilin2d-256     0.0001 lag     25  0.520    36.1   61.0   90.1     485.28    577.47  1.190  210.11/238.76/33.03/68.28/27.30
semilin2d-256     0.0001 lin     25  0.600    62.8   61.0  122.7     485.28    892.92  1.840  242.43/415.31/57.45/152.10/25.63
semilin2d-256     1e-06  lag     35  0.200    49.2   61.1   78.9     485.96    580.64  1.195  80.81/325.58/45.04/102.61/26.60
semilin2d-256     1e-06  lin     35  0.257    63.5   61.1  102.1     485.96    757.61  1.559  103.90/420.30/58.14/149.29/25.97
semilin2d-256     1e-08  lag     78  0.090    57.6   61.1   84.4     486.87    627.29  1.288  36.26/381.44/52.77/130.11/26.71
semilin2d-256     1e-08  lin     78  0.103    61.1   61.1   88.0     486.87    665.45  1.367  41.44/404.26/55.92/137.40/26.43
bruss2d-32        0.0001 lag     39  0.359    35.4   20.1   70.0       5.09     10.13  1.991  1.14/5.59/1.14/1.70/0.55
bruss2d-32        0.0001 lin     39  0.359    48.0   20.1   45.5       5.09      9.09  1.788  0.29/4.13/1.55/2.65/0.48
bruss2d-32        0.0001 dst     39  0.000    45.7   20.1   45.7       5.09      9.12  1.794  0.00/4.78/1.47/2.39/0.48
bruss2d-32        1e-06  lag     63  0.175    43.3   20.1   70.2       5.11     11.64  2.276  0.55/6.84/1.40/2.33/0.52
bruss2d-32        1e-06  lin     63  0.175    49.3   20.1   46.1       5.11      9.21  1.801  0.14/4.23/1.59/2.76/0.48
bruss2d-32        1e-06  dst     63  0.000    45.5   20.1   45.1       5.11      9.06  1.772  0.00/4.75/1.47/2.36/0.48
bruss2d-32        1e-08  lag    139  0.086    46.5   20.1   69.3       5.12     12.21  2.386  0.27/7.33/1.50/2.61/0.50
bruss2d-32        1e-08  lin    139  0.086    51.0   20.1   48.2       5.12      9.54  1.865  0.07/4.38/1.64/2.97/0.48
bruss2d-32        1e-08  dst    139  0.000    45.8   20.1   45.6       5.12      9.14  1.786  0.00/4.79/1.48/2.39/0.48
bruss2d-64        0.0001 lag     39  0.359    35.7   37.0   63.0      42.30     56.92  1.346  11.71/31.45/4.64/6.91/2.22
bruss2d-64        0.0001 lin     39  0.359    48.0   37.0   40.1      42.30     44.97  1.063  3.09/23.11/6.24/10.59/1.94
bruss2d-64        0.0001 dst     39  0.000    45.6   37.0   34.6      42.30     40.14  0.949  0.00/22.78/5.93/9.51/1.92
bruss2d-64        1e-06  lag     63  0.222    42.4   37.1   64.9      42.42     61.49  1.450  7.25/37.36/5.51/9.26/2.11
bruss2d-64        1e-06  lin     63  0.222    50.4   37.1   41.5      42.42     46.33  1.092  1.91/24.28/6.56/11.65/1.94
bruss2d-64        1e-06  dst     63  0.000    45.4   37.1   34.1      42.42     39.86  0.940  0.00/22.67/5.90/9.36/1.93
bruss2d-64        1e-08  lag    138  0.072    49.7   37.1   66.4      42.45     66.40  1.564  2.36/43.76/6.46/11.82/1.99
bruss2d-64        1e-08  lin    138  0.072    52.3   37.1   42.4      42.45     47.17  1.111  0.62/25.20/6.81/12.60/1.94
bruss2d-64        1e-08  dst    138  0.000    45.8   37.1   34.6      42.45     40.30  0.949  0.00/22.88/5.95/9.54/1.93
bruss2d-128       0.0001 lag     39  0.359    35.7   66.9   58.3     361.75    334.66  0.925  111.42/167.88/18.67/27.82/8.87
bruss2d-128       0.0001 lin     39  0.359    47.8   66.9   38.0     361.75    226.40  0.626  29.44/122.15/24.96/42.11/7.75
bruss2d-128       0.0001 dst     39  0.000    45.4   66.9   27.0     361.75    174.75  0.483  0.00/105.59/23.70/37.79/7.67
bruss2d-128       1e-06  lag     63  0.222    42.5   67.0   60.0     362.95    336.67  0.928  68.98/199.63/22.19/37.41/8.46
bruss2d-128       1e-06  lin     63  0.222    50.5   67.0   38.3     362.95    228.49  0.630  18.23/129.17/26.39/46.95/7.77
bruss2d-128       1e-06  dst     63  0.000    45.3   67.0   26.7     362.95    173.94  0.479  0.00/105.32/23.64/37.26/7.72
bruss2d-128       1e-08  lag    140  0.100    49.7   67.1   63.3     363.67    347.27  0.955  31.04/233.58/25.96/48.63/8.06
bruss2d-128       1e-08  lin    140  0.100    53.9   67.1   39.9     363.67    235.98  0.649  8.20/137.86/28.15/54.01/7.75
bruss2d-128       1e-08  dst    140  0.000    45.6   67.1   27.0     363.67    175.61  0.483  0.00/106.12/23.82/37.94/7.72
bruss2d-256       0.0001 lag     39  0.359    35.8  131.6   55.0    3481.82   2224.99  0.639  1117.48/885.51/74.97/111.52/35.50
bruss2d-256       0.0001 lin     39  0.359    47.8  131.6   39.3    3481.82   1206.61  0.347  276.62/630.79/100.04/168.17/30.99
bruss2d-256       0.0001 dst     39  0.000    45.4  131.6   21.1    3481.82    757.83  0.218  0.00/481.57/94.94/150.66/30.66
bruss2d-256       1e-06  lag     63  0.222    42.3  132.4   55.9    3511.84   2006.90  0.571  691.78/1046.29/88.47/146.51/33.85
bruss2d-256       1e-06  lin     63  0.222    50.4  132.4   37.2    3511.84   1159.57  0.330  171.24/665.46/105.42/186.38/31.06
bruss2d-256       1e-06  dst     63  0.000    45.3  132.4   20.8    3511.84    755.03  0.215  0.00/480.45/94.72/149.00/30.86
bruss2d-256       1e-08  lag    140  0.100    50.4  133.2   60.3    3537.27   1896.59  0.536  311.30/1247.40/105.39/200.27/32.24
bruss2d-256       1e-08  lin    140  0.100    54.5  133.2   37.3    3537.27   1164.26  0.329  77.06/720.90/114.09/221.24/30.98
bruss2d-256       1e-08  dst    140  0.000    45.6  133.2   21.0    3537.27    762.35  0.216  0.00/484.28/95.47/151.71/30.89
bruss2d-64-a0.1   0.0001 lag     19  0.684    25.2   37.1   79.8      42.46     54.37  1.280  22.34/22.17/3.27/4.09/2.50
bruss2d-64-a0.1   0.0001 lin     19  0.684    41.4   37.1   35.9      42.46     41.47  0.977  5.89/19.92/5.38/8.31/1.97
bruss2d-64-a0.1   0.0001 dst     19  0.000    38.6   37.1   26.7      42.46     33.38  0.786  0.00/19.30/5.02/7.11/1.93
bruss2d-64-a0.1   1e-06  lag     31  0.452    34.1   37.1   69.9      42.47     58.36  1.374  14.74/30.02/4.43/6.86/2.31
bruss2d-64-a0.1   1e-06  lin     31  0.452    45.1   37.1   38.0      42.47     43.28  1.019  3.88/21.70/5.86/9.87/1.96
bruss2d-64-a0.1   1e-06  dst     31  0.000    38.7   37.1   26.6      42.47     33.28  0.784  0.00/19.33/5.03/6.99/1.93
bruss2d-64-a0.1   1e-08  lag     64  0.219    44.4   37.1   69.3      42.47     64.65  1.522  7.14/39.09/5.77/10.54/2.12
bruss2d-64-a0.1   1e-08  lin     64  0.219    49.6   37.1   41.2      42.47     46.13  1.086  1.88/23.89/6.45/11.96/1.95
bruss2d-64-a0.1   1e-08  dst     64  0.000    38.4   37.1   26.3      42.47     33.02  0.778  0.00/19.19/4.99/6.90/1.93
bruss2d-128-a0.1  0.0001 lag     19  0.684    25.3   66.9   73.9     362.84    372.79  1.027  214.53/118.65/13.19/16.39/10.03
bruss2d-128-a0.1  0.0001 lin     19  0.684    41.2   66.9   37.4     362.84    223.99  0.617  56.58/105.17/21.49/32.86/7.89
bruss2d-128-a0.1  0.0001 dst     19  0.000    38.3   66.9   20.5     362.84    144.92  0.399  0.00/89.14/20.01/28.03/7.73
bruss2d-128-a0.1  1e-06  lag     31  0.452    34.5   67.0   65.6     363.41    359.39  0.989  141.67/162.02/18.01/28.45/9.25
bruss2d-128-a0.1  1e-06  lin     31  0.452    45.2   67.0   37.4     363.41    224.20  0.617  37.37/115.46/23.59/39.96/7.84
bruss2d-128-a0.1  1e-06  dst     31  0.000    38.5   67.0   20.5     363.41    144.90  0.399  0.00/89.46/20.08/27.63/7.73
bruss2d-128-a0.1  1e-08  lag     65  0.231    44.9   67.1   65.9     363.88    359.19  0.987  72.42/211.18/23.47/43.61/8.51
bruss2d-128-a0.1  1e-08  lin     65  0.231    50.3   67.1   39.0     363.88    231.76  0.637  19.11/128.74/26.29/49.85/7.79
bruss2d-128-a0.1  1e-08  dst     65  0.000    38.2   67.1   20.3     363.88    143.86  0.395  0.00/88.80/19.93/27.39/7.73
semilin2d-32x48   0.0001 lag     24  0.500    35.2   10.3  119.5       1.92      5.66  2.958  0.35/2.42/0.75/1.51/0.64
semilin2d-32x48   0.0001 lin     24  0.667    64.3   10.3  135.3       1.92     10.50  5.483  0.47/4.42/1.36/3.65/0.60
semilin2d-32x48   1e-06  lag     36  0.167    54.3   10.3  123.9       1.93      8.43  4.374  0.12/3.73/1.15/2.81/0.62
semilin2d-32x48   1e-06  lin     36  0.167    63.1   10.3  124.6       1.93      9.77  5.070  0.12/4.33/1.34/3.38/0.60
semilin2d-32x48   1e-08  lag     69  0.072    47.7   10.3   90.4       1.96      7.06  3.603  0.05/3.28/1.01/2.09/0.63
semilin2d-32x48   1e-08  lin     69  0.072    60.0   10.3  115.5       1.96      9.18  4.686  0.05/4.12/1.27/3.11/0.62
