
### semilin2d-32: per-rtol cells (err = max|y-ref|/max|ref| at t_end; F = total Gflop, sparse JVP model)
rtol    arm       att rej lf stl       err err/err_dir       GF  GF/dir jvp/att pcs/att  cjvp LU/acc col/st p95max   LU%   PC%  JVP% orth%   wall
0.001   direct     18   5  0   0  1.46e-04          1    0.021       1     0.0     0.0    65  1.385   0.00    0.0  62.9   0.0   3.0   0.0    0.1
0.001   mf         18   5  0   0  2.21e-04       1.51    0.831      39   300.9     0.0     0  0.000  36.24   74.0   0.0   0.0   9.2  90.0    0.7
0.001   lag        18   5  0   0  1.47e-04          1    0.075    3.51    39.5    39.5    45  0.692   3.94   13.1   4.8  40.9  14.0  30.7    0.3
0.001   lin        18   5  0   0  1.46e-04      0.997    0.122    5.71    64.7    64.7     0  0.769   7.08   12.3   3.3  41.1  13.5  36.2    0.4
0.001   lag-rho    18   5  0   0  1.80e-04       1.23    0.109    5.12    54.7    54.7    40  0.615   5.83   14.0   2.9  38.8  13.1  38.6    0.4
0.001   lag-w4     18   5  0   0  1.91e-04        1.3    0.109    5.12    52.8    52.8    35  0.538   5.60   19.0   2.6  37.5  12.6  40.8    0.3
0.001   lin-w4     18   5  0   0  1.46e-04      0.996    0.153    7.21    74.9    74.9     0  0.692   8.37   20.0   2.3  37.8  12.4  42.8    0.4
0.0001  direct     24   7  0   0  3.69e-05          1    0.028       1     0.0     0.0    85  1.412   0.00    0.0  63.0   0.0   3.0   0.0    0.2
0.0001  mf         24   7  0   0  4.05e-05        1.1    0.857    30.2   250.0     0.0     0  0.000  30.01   68.0   0.0   0.0   9.9  89.0    0.8
0.0001  lag        24   7  0   0  3.74e-05       1.01    0.083    2.93    33.6    33.6    65  0.765   3.20   10.7   6.3  41.6  14.4  26.2    0.4
0.0001  lin        24   7  0   0  3.85e-05       1.04    0.161    5.67    63.6    63.6     0  1.000   6.95   13.0   4.2  40.8  13.4  35.7    0.5
0.0001  lag-rho    24   7  0   0  3.84e-05       1.04    0.300    10.6    86.0    86.0    55  0.647   9.75   28.8   1.5  29.5   9.9  55.9    0.6
0.0001  lag-w4     24   7  0   0  3.74e-05       1.01    0.123    4.33    47.5    47.5    45  0.529   4.94   14.8   2.9  39.9  13.4  36.0    0.3
0.0001  lin-w4     24   7  0   0  3.84e-05       1.04    0.196    6.93    73.5    73.5     0  0.706   8.19   18.2   2.4  38.6  12.6  41.4    0.6
1e-05   direct     26   5  0   0  6.14e-06          1    0.031       1     0.0     0.0   105  1.238   0.00    0.0  62.4   0.0   3.4   0.0    0.2
1e-05   mf         26   5  0   0  6.35e-06       1.03    0.726    23.4   207.8     0.0     0  0.000  24.74   53.0   0.0   0.0  10.5  88.1    0.9
1e-05   lag        26   5  0   0  6.28e-06       1.02    0.123    3.96    45.7    45.7    50  0.476   4.71   12.0   3.3  41.5  14.0  32.6    0.3
1e-05   lin        26   5  0   0  6.13e-06      0.998    0.167     5.4    62.2    62.2     0  0.619   6.77   11.8   3.1  41.5  13.6  35.5    0.3
1e-05   lag-rho    26   5  0   0  6.35e-06       1.03    0.395    12.7   103.2   103.2    35  0.333  11.89   29.0   0.7  29.1   9.6  57.9    0.5
1e-05   lag-w4     26   5  0   0  6.08e-06       0.99    0.122    3.94    46.9    46.9    30  0.286   4.86   12.5   2.0  42.9  14.3  32.2    0.4
1e-05   lin-w4     26   5  0   0  6.13e-06      0.998    0.173    5.59    64.7    64.7     0  0.429   7.08   12.0   2.1  41.7  13.7  36.5    0.4
1e-06   direct     35   7  0   0  8.08e-07          1    0.042       1     0.0     0.0   140  1.250   0.00    0.0  62.4   0.0   3.3   0.0    0.1
1e-06   mf         35   7  0   0  8.20e-07       1.02    0.742    17.8   170.8     0.0     0  0.000  20.33   40.9   0.0   0.0  11.3  86.8    0.6
1e-06   lag        35   7  0   0  8.16e-07       1.01    0.177    4.23    51.8    51.8    20  0.143   5.48    9.3   0.9  44.2  14.6  32.4    0.6
1e-06   lin        35   7  0   0  8.05e-07      0.996    0.215    5.16    61.8    61.8     0  0.179   6.72   10.3   0.9  43.1  14.1  35.3    0.4
1e-06   lag-rho    35   7  0   0  8.16e-07       1.01    0.365    8.76    86.8    86.8    15  0.107   9.85   21.3   0.3  35.7  11.7  48.3    0.7
1e-06   lag-w4     35   7  0   0  8.00e-07       0.99    0.184     4.4    53.0    53.0    25  0.179   5.63   11.0   1.1  43.4  14.4  33.4    0.4
1e-06   lin-w4     35   7  0   0  8.07e-07      0.999    0.223    5.35    63.4    63.4     0  0.214   6.92   11.0   1.1  42.7  14.0  35.9    0.6
1e-07   direct     51   9  0   0  9.21e-08          1    0.061       1     0.0     0.0   210  1.214   0.00    0.0  62.3   0.0   3.4   0.0    0.4
1e-07   mf         51   9  0   0  9.25e-08          1    0.702    11.5   135.8     0.0     0  0.000  15.98   30.0   0.0   0.0  13.9  83.2    1.0
1e-07   lag        51   9  0   0  9.28e-08       1.01    0.259    4.25    51.7    51.7    30  0.143   5.46   10.0   0.9  43.8  14.5  32.9    0.7
1e-07   lin        51   9  0   0  9.08e-08      0.987    0.281    4.61    56.2    56.2     0  0.190   6.03   11.0   1.1  43.9  14.4  33.2    0.6
1e-07   lag-rho    51   9  0   0  9.23e-08          1    0.510    8.36    83.5    83.5    20  0.095   9.43   20.0   0.3  35.9  11.8  48.0    0.9
1e-07   lag-w4     51   9  0   0  9.28e-08       1.01    0.259    4.26    52.3    52.3    20  0.095   5.54   10.0   0.6  44.2  14.6  32.7    0.6
1e-07   lin-w4     51   9  0   0  9.08e-08      0.987    0.277    4.55    55.9    55.9     0  0.119   5.99    9.5   0.7  44.2  14.5  33.1    0.7
1e-08   direct     69   4  0   0  1.06e-08          1    0.083       1     0.0     0.0   325  1.062   0.00    0.0  61.5   0.0   3.9   0.0    0.5
1e-08   mf         69   4  0   0  1.07e-08       1.01    0.683    8.19   113.9     0.0     0  0.000  13.24   23.0   0.0   0.0  16.2  79.6    0.9
1e-08   lag        69   4  0   0  1.06e-08          1    0.311    3.72    47.1    47.1    25  0.077   4.89   10.0   0.6  45.0  14.8  30.4    0.7
1e-08   lin        69   4  0   0  1.06e-08          1    0.387    4.64    57.5    57.5     0  0.077   6.18   10.0   0.5  44.0  14.4  33.8    1.0
1e-08   lag-rho    69   4  0   0  1.06e-08          1    0.582    6.98    75.4    75.4    15  0.046   8.42   16.0   0.2  38.4  12.6  43.9    1.2
1e-08   lag-w4     69   4  0   0  1.06e-08       1.01    0.375     4.5    55.5    55.5    15  0.046   5.94    9.6   0.3  43.8  14.4  33.9    0.9
1e-08   lin-w4     69   4  0   0  1.05e-08      0.998    0.377    4.52    56.1    56.1     0  0.062   6.02   10.0   0.4  44.1  14.5  33.5    0.9
1e-09   direct    107   1  0   0  1.18e-09          1    0.130       1     0.0     0.0   530  1.009   0.00    0.0  61.3   0.0   4.1   0.0    0.7
1e-09   mf        107   1  0   0  1.19e-09       1.01    0.805    6.19    97.4     0.0     0  0.000  11.18   19.0   0.0   0.0  18.2  76.2    1.2
1e-09   lag       107   1  0   0  1.18e-09          1    0.496    3.82    48.6    48.6    30  0.057   5.08    9.0   0.5  45.0  14.8  30.7    1.4
1e-09   lin       107   1  0   0  1.17e-09      0.998    0.598     4.6    57.0    57.0     0  0.057   6.13    9.0   0.4  43.8  14.4  33.9    1.5
1e-09   lag-rho   107   1  0   0  1.18e-09          1    0.673    5.18    61.2    61.2    25  0.047   6.65   12.0   0.3  41.8  13.7  37.6    1.5
1e-09   lag-w4    107   1  0   0  1.17e-09      0.998    0.532     4.1    51.6    51.6    20  0.038   5.46   10.0   0.3  44.6  14.7  32.1    1.4
1e-09   lin-w4    107   1  0   0  1.18e-09          1    0.630    4.85    59.7    59.7     0  0.038   6.47   10.0   0.3  43.6  14.3  34.9    1.7
1e-10   direct    169   0  0   0  1.26e-10          1    0.205       1     0.0     0.0   845  1.000   0.00    0.0  61.2   0.0   4.1   0.0    1.3
1e-10   mf        169   0  0   0  1.27e-10          1    1.028       5    86.3     0.0     0  0.000   9.79   16.0   0.0   0.0  20.0  73.2    1.9
1e-10   lag       169   0  0   0  1.27e-10       1.01    0.957    4.66    57.4    57.4    15  0.018   6.18   10.0   0.1  43.6  14.3  34.7    2.6
1e-10   lin       169   0  0   0  1.26e-10          1    1.013    4.93    60.2    60.2     0  0.030   6.52   10.0   0.2  43.1  14.1  35.6    2.7
1e-10   lag-rho   169   0  0   0  1.27e-10       1.01    1.259    6.13    69.9    69.9    10  0.012   7.73   14.0   0.1  40.3  13.2  40.9    2.9
1e-10   lag-w4    169   0  0   0  1.26e-10      0.996    0.925     4.5    56.0    56.0    10  0.012   6.00    9.6   0.1  44.0  14.4  33.9    2.5
1e-10   lin-w4    169   0  0   0  1.26e-10      0.996    1.003    4.88    59.8    59.8     0  0.012   6.47   10.0   0.1  43.3  14.2  35.5    2.3

### semilin2d-32: matched accuracy, work = F (total flops); ratio arm/ref at endpoint error E. R = log-log regression frontier over the ladder (x = extrapolated), Rw = local window fit, C = harness cheapest-run-reaching-E
  vs direct:                  E=1e-03                E=1e-04                E=1e-05                E=1e-06                E=1e-07                E=1e-08                E=1e-09                E=1e-10
  mf                 50.4x/n/a/32.1         35.6 /n/a/24.1           25.1 /n/a/22         17.7 /n/a/16.4        12.5 /12.1/11.2        8.79 /8.31/6.19             6.2 /n/a/5          4.37x/n/a/n/a
  lag                3.32x/n/a/3.51         3.45 /n/a/2.93          3.6 /n/a/3.96         3.75 /n/a/4.23        3.91 /4.07/4.25        4.07 /3.92/3.82         4.25 /n/a/4.66          4.43x/n/a/n/a
  lin                5.78x/n/a/5.71         5.58 /n/a/5.67          5.38 /n/a/5.4          5.2 /n/a/5.16         5.02 /4.8/4.61         4.84 /4.61/4.6         4.67 /n/a/4.93          4.51x/n/a/n/a
  lag-rho            9.73x/n/a/5.12         9.11 /n/a/10.6         8.53 /n/a/11.8         7.99 /n/a/8.76        7.49 /8.03/8.36        7.01 /6.68/5.18         6.57 /n/a/6.13          6.15x/n/a/n/a
  lag-w4             4.63x/n/a/5.12         4.56 /n/a/4.31          4.5 /n/a/3.94          4.44 /n/a/4.4        4.38 /4.38/4.26         4.32 /4.28/4.1          4.27 /n/a/4.5          4.21x/n/a/n/a
  lin-w4             6.99x/n/a/7.21         6.52 /n/a/6.11         6.08 /n/a/5.59         5.67 /n/a/5.35         5.28 /4.8/4.55        4.93 /4.64/4.85         4.59 /n/a/4.88          4.28x/n/a/n/a

### semilin2d-32: matched accuracy, work = F (total flops); ratio arm/ref at endpoint error E. R = log-log regression frontier over the ladder (x = extrapolated), Rw = local window fit, C = harness cheapest-run-reaching-E
  vs mf:                  E=1e-03                E=1e-04                E=1e-05                E=1e-06                E=1e-07                E=1e-08                E=1e-09                E=1e-10
  lag             0.0658x/n/a/0.109      0.0972 /n/a/0.122        0.144 /n/a/0.18       0.212 /n/a/0.258     0.314 /0.338/0.379     0.463 /0.472/0.617        0.685 /n/a/0.93          1.01x/n/a/n/a
  lin              0.115x/n/a/0.178       0.157 /n/a/0.236       0.215 /n/a/0.245       0.294 /n/a/0.315     0.402 /0.399/0.411     0.551 /0.555/0.743       0.754 /n/a/0.985          1.03x/n/a/n/a
  lag-rho           0.193x/n/a/0.16        0.256 /n/a/0.44        0.34 /n/a/0.535       0.452 /n/a/0.535       0.6 /0.667/0.747     0.797 /0.804/0.837         1.06 /n/a/1.22          1.41x/n/a/n/a
  lag-w4           0.0918x/n/a/0.16       0.128 /n/a/0.179        0.18 /n/a/0.179       0.251 /n/a/0.269      0.352 /0.364/0.38     0.492 /0.515/0.661       0.688 /n/a/0.899         0.963x/n/a/n/a
  lin-w4           0.139x/n/a/0.225       0.183 /n/a/0.254       0.242 /n/a/0.254       0.321 /n/a/0.327     0.424 /0.399/0.406      0.56 /0.558/0.783       0.741 /n/a/0.976          0.98x/n/a/n/a

### semilin2d-32x48: per-rtol cells (err = max|y-ref|/max|ref| at t_end; F = total Gflop, sparse JVP model)
rtol    arm       att rej lf stl       err err/err_dir       GF  GF/dir jvp/att pcs/att  cjvp LU/acc col/st p95max   LU%   PC%  JVP% orth%   wall
0.001   direct     18   5  0   0  9.99e-05          1    0.035       1     0.0     0.0    65  1.385   0.00    0.0  65.6   0.0   2.8   0.0    0.2
0.001   mf         18   5  0   0  1.46e-04       1.46    1.843    53.4   419.8     0.0     0  0.000  50.67  129.9   0.0   0.0   8.7  90.7    1.2
0.001   lag        18   5  0   0  1.08e-04       1.08    0.114     3.3    39.1    39.1    45  0.692   3.88   11.3   5.6  42.3  13.6  29.0    0.4
0.001   lin        18   5  0   0  1.39e-04       1.39    0.196    5.67    66.4    66.4     0  0.846   7.31   13.3   4.0  41.9  12.9  35.6    0.5
0.0001  direct     24   7  0   0  3.34e-05          1    0.046       1     0.0     0.0    85  1.412   0.00    0.0  65.7   0.0   2.8   0.0    0.2
0.0001  mf         24   7  0   0  3.60e-05       1.08    1.772    38.6   317.9     0.0     0  0.000  38.30  102.8   0.0   0.0   9.1  90.1    1.1
0.0001  lag        24   7  0   0  3.29e-05      0.985    0.136    2.96    35.2    35.2    60  0.706   3.41   11.0   6.3  42.7  13.8  26.6    0.3
0.0001  lin        24   7  0   0  3.48e-05       1.04    0.252    5.48    64.3    64.3     0  0.941   7.04   12.8   4.5  42.1  13.0  34.7    0.7
1e-05   direct     26   5  0   0  5.68e-06          1    0.050       1     0.0     0.0   105  1.238   0.00    0.0  65.1   0.0   3.1   0.0    0.2
1e-05   mf         26   5  0   0  6.07e-06       1.07    1.363    27.1   250.2     0.0     0  0.000  30.00   67.8   0.0   0.0  10.1  88.7    0.8
1e-05   lag        26   5  0   0  5.70e-06          1    0.167    3.31    40.5    40.5    50  0.476   4.07   11.8   4.3  43.5  13.9  28.9    0.4
1e-05   lin        26   5  0   0  5.74e-06       1.01    0.268    5.34    63.6    63.6     0  0.619   6.95   12.5   3.4  42.3  13.1  35.3    0.6
1e-06   direct     36   8  0   0  7.66e-07          1    0.069       1     0.0     0.0   140  1.286   0.00    0.0  65.3   0.0   3.0   0.0    0.3
1e-06   mf         36   8  0   0  7.78e-07       1.02    1.429    20.6   199.4     0.0     0  0.000  23.77   50.2   0.0   0.0  10.6  87.8    1.2
1e-06   lag        36   8  0   0  7.57e-07      0.987    0.303    4.37    54.3    54.3    30  0.214   5.79   11.0   1.4  44.3  13.8  33.4    0.6
1e-06   lin        36   8  0   0  7.69e-07          1    0.352    5.07    63.1    63.1     0  0.214   6.89   11.2   1.2  44.3  13.7  34.6    0.7
1e-07   direct     51   9  0   0  8.92e-08          1    0.099       1     0.0     0.0   210  1.214   0.00    0.0  65.0   0.0   3.2   0.0    0.6
1e-07   mf         51   9  0   0  8.97e-08       1.01    1.338    13.6   154.3     0.0     0  0.000  18.29   35.5   0.0   0.0  12.5  85.2    1.1
1e-07   lag        51   9  0   0  8.88e-08      0.996    0.348    3.53    45.9    45.9    35  0.167   4.74   10.5   1.4  46.2  14.4  29.2    1.2
1e-07   lin        51   9  0   0  8.83e-08       0.99    0.442    4.48    57.2    57.2     0  0.190   6.15   11.0   1.3  45.3  14.0  32.5    1.2
1e-08   direct     69   3  0   0  1.04e-08          1    0.135       1     0.0     0.0   330  1.045   0.00    0.0  64.3   0.0   3.7   0.0    0.4
1e-08   mf         69   3  0   0  1.05e-08       1.01    1.261    9.33   127.3     0.0     0  0.000  14.91   27.0   0.0   0.0  14.8  81.9    1.3
1e-08   lag        69   3  0   0  1.03e-08      0.993    0.487     3.6    47.7    47.7    25  0.076   4.96   10.0   0.7  46.4  14.4  29.7    1.2
1e-08   lin        69   3  0   0  1.04e-08      0.998    0.633    4.69    60.0    60.0     0  0.076   6.51   10.0   0.6  44.9  13.9  33.9    1.4
1e-09   direct    109   1  0   0  1.16e-09          1    0.214       1     0.0     0.0   540  1.009   0.00    0.0  64.1   0.0   3.8   0.0    1.1
1e-09   mf        109   1  0   0  1.16e-09          1    1.440    6.72   106.3     0.0     0  0.000  12.29   22.0   0.0   0.0  17.1  78.2    1.9
1e-09   lag       109   1  0   0  1.15e-09      0.996    0.851    3.97    52.0    52.0    30  0.056   5.51    9.0   0.5  45.8  14.2  31.6    2.2
1e-09   lin       109   1  0   0  1.15e-09      0.996    1.007     4.7    60.1    60.1     0  0.056   6.51   10.0   0.4  44.7  13.8  34.3    2.2
1e-10   direct    173   0  0   0  1.24e-10          1    0.340       1     0.0     0.0   865  1.000   0.00    0.0  64.0   0.0   3.8   0.0    2.0
1e-10   mf        173   0  0   0  1.25e-10          1    1.800    5.29    93.0     0.0     0  0.000  10.62   18.0   0.0   0.0  18.9  75.1    2.7
1e-10   lag       173   0  0   0  1.24e-10      0.995    1.286    3.78    50.3    50.3    20  0.023   5.28   10.0   0.2  46.5  14.4  30.6    3.7
1e-10   lin       173   0  0   0  1.25e-10          1    1.467    4.31    56.4    56.4     0  0.023   6.05   10.0   0.2  45.7  14.1  32.7    3.0

### semilin2d-32x48: matched accuracy, work = F (total flops); ratio arm/ref at endpoint error E. R = log-log regression frontier over the ladder (x = extrapolated), Rw = local window fit, C = harness cheapest-run-reaching-E
  vs direct:                  E=1e-03                E=1e-04                E=1e-05                E=1e-06                E=1e-07                E=1e-08                E=1e-09                E=1e-10
  mf                 69.7x/n/a/36.5         47.2x/n/a/36.5         31.9 /n/a/25.1         21.6 /n/a/18.2          14.6 /14/12.8        9.91 /9.44/6.72         6.71 /n/a/5.29          4.54x/n/a/n/a
  lag                 3.18x/n/a/3.3         3.29x/n/a/3.94         3.39 /n/a/3.31          3.5 /n/a/4.37        3.62 /3.83/3.53         3.73 /3.7/3.97         3.85 /n/a/3.78          3.98x/n/a/n/a
  lin                5.96x/n/a/5.67          5.68x/n/a/7.3         5.41 /n/a/5.34         5.15 /n/a/5.07        4.91 /4.75/4.48         4.68 /4.62/4.7         4.46 /n/a/4.31          4.24x/n/a/n/a

### semilin2d-32x48: matched accuracy, work = F (total flops); ratio arm/ref at endpoint error E. R = log-log regression frontier over the ladder (x = extrapolated), Rw = local window fit, C = harness cheapest-run-reaching-E
  vs mf:                  E=1e-03                E=1e-04                E=1e-05                E=1e-06                E=1e-07                E=1e-08                E=1e-09                E=1e-10
  lag            0.0457x/n/a/0.0905      0.0697 /n/a/0.108       0.106 /n/a/0.132       0.162 /n/a/0.241     0.247 /0.273/0.276     0.377 /0.392/0.591       0.574 /n/a/0.714         0.876x/n/a/n/a
  lin             0.0856x/n/a/0.155          0.12 /n/a/0.2       0.169 /n/a/0.213       0.238 /n/a/0.279     0.335 /0.338/0.351     0.472 /0.489/0.699       0.664 /n/a/0.815         0.934x/n/a/n/a

### semilin2d-64: per-rtol cells (err = max|y-ref|/max|ref| at t_end; F = total Gflop, sparse JVP model)
rtol    arm       att rej lf stl       err err/err_dir       GF  GF/dir jvp/att pcs/att  cjvp LU/acc col/st p95max   LU%   PC%  JVP% orth%   wall
0.001   direct     19   5  0   0  1.63e-04          1    0.152       1     0.0     0.0    70  1.357   0.00    0.0  77.9   0.0   1.9   0.0    0.3
0.001   mf         19   5  0   0  1.51e-04      0.927    8.237    54.2   642.2     0.0     0  0.000  77.84  240.0   0.0   0.0   8.4  91.2    2.5
0.001   lag        19   5  0   0  2.07e-04       1.27    0.365    2.41    36.3    36.3    50  0.714   3.55   11.3  11.8  45.5  11.3  23.1    0.5
0.001   lin        19   5  0   0  1.85e-04       1.14    0.652    4.29    66.3    66.3     0  0.786   7.28   14.1   7.3  46.5  11.0  30.6    0.9
0.001   lag-rho    19   5  0   0  1.69e-04       1.04    0.611    4.03    59.2    59.2    40  0.571   6.40   16.2   5.6  44.3  10.7  34.4    0.6
0.001   lag-w4     19   5  0   0  1.80e-04        1.1    0.588    3.88    54.5    54.5    40  0.571   5.82   21.3   5.8  42.3  10.3  36.4    0.8
0.001   lin-w4     19   5  0   0  1.86e-04       1.14    0.841    5.53    78.6    78.6     0  0.714   8.83   22.2   5.1  42.8  10.1  38.4    0.8
0.0001  direct     23   6  0   0  4.06e-05          1    0.184       1     0.0     0.0    85  1.353   0.00    0.0  77.9   0.0   1.9   0.0    0.4
0.0001  mf         23   6  0   0  3.99e-05      0.983    7.118    38.7   472.3     0.0     0  0.000  57.10  162.2   0.0   0.0   8.7  90.8    2.2
0.0001  lag        23   6  0   0  4.22e-05       1.04    0.425    2.31    35.1    35.1    60  0.706   3.39   11.6  12.1  45.7  11.4  22.2    0.4
0.0001  lin        23   6  0   0  4.13e-05       1.02    0.769    4.18    64.1    64.1     0  0.941   7.02   12.9   8.9  46.2  10.9  29.2    0.9
0.0001  lag-rho    23   6  0   0  4.36e-05       1.07    1.802     9.8   105.3   105.3    50  0.588  12.17   38.6   2.4  32.4   7.8  55.4    1.8
0.0001  lag-w4     23   6  0   0  4.32e-05       1.06    0.611    3.33    49.0    49.0    45  0.529   5.12   16.8   6.3  44.4  10.8  32.5    0.7
0.0001  lin-w4     23   6  0   0  4.19e-05       1.03    0.915    4.98    74.0    74.0     0  0.765   8.25   16.0   6.1  44.8  10.6  34.5    1.0
1e-05   direct     26   5  0   0  3.91e-06          1    0.209       1     0.0     0.0   105  1.238   0.00    0.0  77.6   0.0   2.0   0.0    0.4
1e-05   mf         26   5  0   0  3.96e-06       1.01    6.142    29.4   373.7     0.0     0  0.000  45.10  111.8   0.0   0.0   9.0  90.3    1.6
1e-05   lag        26   5  0   0  4.02e-06       1.03    0.561    2.69    43.3    43.3    45  0.429   4.41   12.8   6.9  48.3  11.7  25.6    0.8
1e-05   lin        26   5  0   0  3.96e-06       1.01    0.854    4.09    64.5    64.5     0  0.571   7.06   12.8   6.0  47.3  11.2  30.6    1.3
1e-05   lag-rho    26   5  0   0  4.08e-06       1.04    2.403    11.5   125.5   125.5    30  0.286  14.69   37.8   1.1  32.7   7.8  56.7    1.7
1e-05   lag-w4     26   5  0   0  4.05e-06       1.03    0.765    3.67    57.0    57.0    35  0.333   6.12   15.8   3.9  46.6  11.2  32.8    1.1
1e-05   lin-w4     26   5  0   0  3.97e-06       1.01    0.878    4.21    67.1    67.1     0  0.476   7.38   11.8   4.9  47.8  11.3  31.2    1.0
1e-06   direct     37   8  0   0  7.49e-07          1    0.297       1     0.0     0.0   145  1.276   0.00    0.0  77.7   0.0   2.0   0.0    0.7
1e-06   mf         37   8  0   0  7.65e-07       1.02    5.843    19.7   273.8     0.0     0  0.000  32.90   74.4   0.0   0.0   9.9  89.1    1.8
1e-06   lag        37   8  0   0  7.49e-07          1    0.805    2.71    44.8    44.8    50  0.345   4.61   11.2   5.3  49.6  12.0  25.7    1.1
1e-06   lin        37   8  0   0  7.50e-07          1    1.130    3.81    61.9    61.9     0  0.414   6.74   11.2   4.6  48.8  11.5  29.8    1.2
1e-06   lag-rho    37   8  0   0  7.58e-07       1.01    2.606    8.79   110.1   110.1    20  0.138  12.77   30.0   0.7  37.6   8.9  50.5    2.4
1e-06   lag-w4     37   8  0   0  7.49e-07          1    0.805    2.71    46.1    46.1    35  0.241   4.77   11.0   3.7  51.1  12.2  25.5    1.2
1e-06   lin-w4     37   8  0   0  7.58e-07       1.01    1.050    3.54    59.6    59.6     0  0.241   6.46   11.0   2.9  50.6  11.9  29.0    1.2
1e-07   direct     50   8  0   0  8.83e-08          1    0.402       1     0.0     0.0   210  1.190   0.00    0.0  77.4   0.0   2.1   0.0    1.0
1e-07   mf         50   8  0   0  8.89e-08       1.01    5.627      14   209.5     0.0     0  0.000  24.98   50.0   0.0   0.0  10.6  88.0    2.2
1e-07   lag        50   8  0   0  8.90e-08       1.01    1.113    2.77    48.1    48.1    30  0.143   5.01   10.5   2.3  52.0  12.4  26.0    1.0
1e-07   lin        50   8  0   0  8.74e-08      0.989    1.377    3.42    58.4    58.4     0  0.190   6.30   11.0   2.5  51.1  12.1  28.5    1.2
1e-07   lag-rho    50   8  0   0  8.89e-08       1.01    2.954    7.35    99.2    99.2    15  0.071  11.39   25.0   0.4  40.4   9.6  46.9    2.9
1e-07   lag-w4     50   8  0   0  8.90e-08       1.01    1.117    2.78    48.9    48.9    20  0.095   5.12   10.0   1.5  52.7  12.5  26.0    1.2
1e-07   lin-w4     50   8  0   0  8.81e-08      0.998    1.385    3.45    59.4    59.4     0  0.095   6.42   10.0   1.2  51.6  12.2  29.1    1.8
1e-08   direct     73   4  0   0  1.04e-08          1    0.591       1     0.0     0.0   345  1.058   0.00    0.0  77.0   0.0   2.4   0.0    0.9
1e-08   mf         73   4  0   0  1.05e-08       1.01    5.512    9.33   159.3     0.0     0  0.000  18.91   37.0   0.0   0.0  12.0  85.8    1.7
1e-08   lag        73   4  0   0  1.05e-08       1.01    1.918    3.25    56.1    56.1    25  0.072   6.01   10.0   1.1  51.4  12.2  29.1    2.3
1e-08   lin        73   4  0   0  1.04e-08       1.01    1.956    3.31    57.6    57.6     0  0.087   6.20   10.0   1.3  51.7  12.2  28.6    2.1
1e-08   lag-rho    73   4  0   0  1.04e-08          1    3.868    6.55    92.4    92.4    15  0.043  10.55   22.4   0.3  42.0   9.9  44.6    3.2
1e-08   lag-w4     73   4  0   0  1.05e-08       1.01    1.986    3.36    57.9    57.9    20  0.058   6.23   10.0   0.9  51.2  12.1  29.7    2.4
1e-08   lin-w4     73   4  0   0  1.03e-08      0.997    2.028    3.43    59.4    59.4     0  0.072   6.42   10.0   1.1  51.5  12.1  29.4    2.3
1e-09   direct    114   1  0   0  1.17e-09          1    0.925       1     0.0     0.0   565  1.009   0.00    0.0  76.8   0.0   2.5   0.0    2.1
1e-09   mf        114   1  0   0  1.17e-09          1    5.789    6.26   128.6     0.0     0  0.000  15.08   29.0   0.0   0.0  14.4  82.3    2.5
1e-09   lag       114   1  0   0  1.17e-09          1    2.570    2.78    49.4    49.4    35  0.062   5.17   10.0   1.2  52.7  12.5  26.2    3.4
1e-09   lin       114   1  0   0  1.17e-09      0.998    3.047    3.29    57.4    57.4     0  0.062   6.18   10.0   1.0  51.7  12.2  28.8    4.4
1e-09   lag-rho   114   1  0   0  1.17e-09          1    4.520    4.89    75.2    75.2    25  0.044   8.40   18.0   0.5  45.7  10.8  38.8    4.7
1e-09   lag-w4    114   1  0   0  1.17e-09          1    2.826    3.06    53.7    53.7    30  0.053   5.71   10.0   0.9  52.1  12.4  27.9    3.0
1e-09   lin-w4    114   1  0   0  1.16e-09      0.994    3.275    3.54    61.1    61.1     0  0.053   6.64   10.0   0.8  51.2  12.1  30.1    3.5
1e-10   direct    182   0  0   0  1.26e-10          1    1.477       1     0.0     0.0   910  1.000   0.00    0.0  76.7   0.0   2.5   0.0    2.5
1e-10   mf        182   0  0   0  1.26e-10          1    6.704    4.54   108.3     0.0     0  0.000  12.53   23.0   0.0   0.0  16.7  78.8    3.4
1e-10   lag       182   0  0   0  1.25e-10      0.991    4.830    3.27    57.1    57.1    25  0.027   6.14   10.0   0.4  51.8  12.2  29.3    5.7
1e-10   lin       182   0  0   0  1.25e-10      0.997    5.054    3.42    59.5    59.5     0  0.033   6.43   10.0   0.5  51.6  12.2  29.8    5.6
1e-10   lag-rho   182   0  0   0  1.26e-10      0.998    7.939    5.37    81.8    81.8    15  0.016   9.23   19.0   0.2  45.2  10.7  40.2    7.9
1e-10   lag-w4    182   0  0   0  1.26e-10      0.999    4.502    3.05    54.2    54.2    15  0.016   5.77   10.0   0.3  52.7  12.5  27.8    5.4
1e-10   lin-w4    182   0  0   0  1.26e-10      0.998    4.948    3.35    58.7    58.7     0  0.016   6.34   10.0   0.3  52.0  12.3  29.4    5.9

### semilin2d-64: matched accuracy, work = F (total flops); ratio arm/ref at endpoint error E. R = log-log regression frontier over the ladder (x = extrapolated), Rw = local window fit, C = harness cheapest-run-reaching-E
  vs direct:                  E=1e-03                E=1e-04                E=1e-05                E=1e-06                E=1e-07                E=1e-08                E=1e-09                E=1e-10
  mf                 72.6x/n/a/36.3           48.3 /n/a/30         32.2 /n/a/26.4         21.4 /n/a/18.6          14.2 /14/13.7        9.47 /9.31/6.26          6.3 /n/a/4.54          4.19x/n/a/n/a
  lag                2.36x/n/a/2.41         2.46 /n/a/2.31         2.57 /n/a/2.69         2.69 /n/a/2.71        2.81 /2.89/2.77        2.94 /2.93/2.78         3.07 /n/a/3.27          3.21x/n/a/n/a
  lin                4.46x/n/a/4.29         4.25 /n/a/4.18         4.04 /n/a/4.09         3.85 /n/a/3.81        3.66 /3.52/3.42        3.49 /3.34/3.29         3.32 /n/a/3.42          3.16x/n/a/n/a
  lag-rho            8.37x/n/a/4.03          7.95 /n/a/9.8         7.54 /n/a/11.5         7.16 /n/a/8.79         6.8 /7.58/7.35        6.45 /6.16/4.89         6.12 /n/a/5.37          5.81x/n/a/n/a
  lag-w4             3.62x/n/a/3.88         3.51 /n/a/3.33          3.4 /n/a/3.67         3.29 /n/a/2.71        3.19 /2.92/2.78        3.09 /3.06/3.06         2.99 /n/a/3.05           2.9x/n/a/n/a
  lin-w4              5.3x/n/a/5.53         4.89 /n/a/4.77         4.52 /n/a/4.21         4.17 /n/a/3.54        3.85 /3.48/3.45        3.56 /3.47/3.54         3.29 /n/a/3.35          3.03x/n/a/n/a

### semilin2d-64: matched accuracy, work = F (total flops); ratio arm/ref at endpoint error E. R = log-log regression frontier over the ladder (x = extrapolated), Rw = local window fit, C = harness cheapest-run-reaching-E
  vs mf:                  E=1e-03                E=1e-04                E=1e-05                E=1e-06                E=1e-07                E=1e-08                E=1e-09                E=1e-10
  lag            0.0324x/n/a/0.0663     0.0509 /n/a/0.0772        0.08 /n/a/0.102       0.126 /n/a/0.146     0.198 /0.206/0.202      0.31 /0.314/0.444       0.487 /n/a/0.721         0.766x/n/a/n/a
  lin             0.0614x/n/a/0.118       0.0878 /n/a/0.14       0.126 /n/a/0.155        0.18 /n/a/0.205      0.257 /0.251/0.25     0.368 /0.359/0.526       0.527 /n/a/0.754         0.754x/n/a/n/a
  lag-rho          0.115x/n/a/0.111       0.164 /n/a/0.327       0.235 /n/a/0.436       0.335 /n/a/0.473     0.477 /0.541/0.536     0.681 /0.662/0.781        0.971 /n/a/1.18          1.39x/n/a/n/a
  lag-w4          0.0499x/n/a/0.107      0.0726 /n/a/0.111       0.106 /n/a/0.139       0.154 /n/a/0.146     0.224 /0.209/0.203     0.326 /0.329/0.488       0.474 /n/a/0.672          0.69x/n/a/n/a
  lin-w4           0.073x/n/a/0.152       0.101 /n/a/0.159       0.141 /n/a/0.159       0.195 /n/a/0.191     0.271 /0.248/0.251     0.376 /0.373/0.566       0.521 /n/a/0.738         0.723x/n/a/n/a

### semilin2d-128: per-rtol cells (err = max|y-ref|/max|ref| at t_end; F = total Gflop, sparse JVP model)
rtol    arm       att rej lf stl       err err/err_dir       GF  GF/dir jvp/att pcs/att  cjvp LU/acc col/st p95max   LU%   PC%  JVP% orth%   wall
0.001   direct     20   6  0   0  5.88e-05          1    1.179       1     0.0     0.0    70  1.429   0.00    0.0  88.1   0.0   1.0   0.0    2.0
0.001   mf         20   6  0   0  5.56e-05      0.946   65.308    55.4  1162.2     0.0     0  0.000 141.28  316.1   0.0   0.0   8.1  91.7   21.0
0.001   lag        20   6  0   0  7.60e-05       1.29    2.048    1.74    38.5    38.5    45  0.643   3.81   12.1  18.3  48.1   8.9  18.4    2.2
0.001   lin        20   6  0   0  9.00e-05       1.53    3.384    2.87    66.6    66.6     0  0.714   7.33   13.2  12.3  50.3   9.0  24.6    3.5
0.0001  direct     23   6  0   0  2.79e-05          1    1.358       1     0.0     0.0    85  1.353   0.00    0.0  88.0   0.0   1.0   0.0    1.7
0.0001  mf         23   6  0   0  2.76e-05      0.989   55.430    40.8   873.1     0.0     0  0.000 106.02  269.9   0.0   0.0   8.3  91.5   16.2
0.0001  lag        23   6  0   0  2.85e-05       1.02    2.247    1.66    35.0    35.0    60  0.706   3.38   11.6  22.3  45.8   8.6  16.7    2.2
0.0001  lin        23   6  0   0  2.95e-05       1.06    3.961    2.92    64.5    64.5     0  0.941   7.06   13.8  16.9  47.9   8.5  23.0    3.8
0.0001  lag-rho    23   6  0   0  3.09e-05       1.11    9.875    7.27   119.5   119.5    50  0.588  13.91   42.7   4.2  35.6   6.4  52.2    4.4
0.0001  lag-w4     23   6  0   0  2.45e-05       0.88    3.205    2.36    52.7    52.7    40  0.471   5.59   17.9  10.4  48.4   8.8  27.8    2.1
0.0001  lin-w4     23   6  0   0  2.96e-05       1.06    4.494    3.31    75.9    75.9     0  0.588   8.48   19.7   9.3  49.7   8.9  28.9    2.9
1e-05   direct     27   5  0   0  4.51e-06          1    1.598       1     0.0     0.0   110  1.227   0.00    0.0  87.8   0.0   1.1   0.0    1.8
1e-05   mf         27   5  0   0  4.45e-06      0.988   48.219    30.2   655.8     0.0     0  0.000  79.47  196.0   0.0   0.0   8.4  91.3   16.2
1e-05   lag        27   5  0   0  4.65e-06       1.03    3.332    2.09    48.3    48.3    50  0.455   5.03   13.7  12.5  50.0   9.2  23.0    3.2
1e-05   lin        27   5  0   0  4.58e-06       1.02    4.551    2.85    66.6    66.6     0  0.545   7.32   13.7  11.0  50.5   9.0  25.6    4.9
1e-06   direct     36   7  0   0  7.56e-07          1    2.129       1     0.0     0.0   145  1.241   0.00    0.0  87.8   0.0   1.1   0.0    2.8
1e-06   mf         36   7  0   0  7.58e-07          1   46.912      22   491.1     0.0     0  0.000  59.45  138.5   0.0   0.0   8.6  90.9   14.4
1e-06   lag        36   7  0   0  7.50e-07      0.992    3.976    1.87    46.4    46.4    45  0.310   4.80   12.0   9.4  53.7   9.8  21.2    4.6
1e-06   lin        36   7  0   0  7.59e-07          1    5.402    2.54    62.1    62.1     0  0.414   6.76   12.0   9.3  52.9   9.4  24.1    5.6
1e-06   lag-rho    36   7  0   0  7.64e-07       1.01   13.811    6.49   123.9   123.9    20  0.138  14.49   34.5   1.2  41.3   7.4  48.4    6.7
1e-06   lag-w4     36   7  0   0  7.50e-07      0.992    4.214    1.98    50.4    50.4    30  0.207   5.30   12.2   5.9  55.1  10.0  23.5    3.2
1e-06   lin-w4     36   7  0   0  7.55e-07      0.999    5.284    2.48    63.4    63.4     0  0.207   6.93   12.2   4.7  55.3   9.9  25.7    3.4
1e-07   direct     49   6  0   0  8.85e-08          1    2.905       1     0.0     0.0   215  1.140   0.00    0.0  87.6   0.0   1.2   0.0    3.4
1e-07   mf         49   6  0   0  8.85e-08          1   43.511      15   353.9     0.0     0  0.000  42.72   90.0   0.0   0.0   9.1  90.2   18.3
1e-07   lag        49   6  0   0  8.90e-08       1.01    6.278    2.16    56.8    56.8    25  0.116   6.10   10.0   3.3  56.7  10.2  24.7    6.0
1e-07   lin        49   6  0   0  8.85e-08          1    6.536    2.25    59.4    59.4     0  0.140   6.43   10.6   3.8  57.0  10.2  24.1    5.7
1e-08   direct     76   4  0   0  1.06e-08          1    4.516       1     0.0     0.0   360  1.056   0.00    0.0  87.4   0.0   1.3   0.0    5.7
1e-08   mf         76   4  0   0  1.06e-08          1   42.594    9.43   252.1     0.0     0  0.000  30.24   64.0   0.0   0.0  10.3  88.6   25.1
1e-08   lag        76   4  0   0  1.06e-08      0.998    9.317    2.06    55.0    55.0    30  0.083   5.88   10.0   2.7  57.4  10.3  24.2    9.6
1e-08   lin        76   4  0   0  1.06e-08      0.997    9.902    2.19    58.5    58.5     0  0.097   6.32   10.2   2.9  57.5  10.3  24.3   14.7
1e-08   lag-rho    76   4  0   0  1.07e-08       1.01   16.035    3.55    83.4    83.4    20  0.056   9.42   20.2   1.0  50.5   9.0  36.3    8.5
1e-08   lag-w4     76   4  0   0  1.07e-08          1    8.718    1.93    51.6    51.6    30  0.083   5.46   11.0   2.9  57.6  10.3  23.5    5.7
1e-08   lin-w4     76   4  0   0  1.05e-08      0.993   10.056    2.23    59.0    59.0     0  0.097   6.37   11.0   2.9  57.0  10.2  24.9    6.8
1e-09   direct    120   1  0   0  1.20e-09          1    7.140       1     0.0     0.0   595  1.008   0.00    0.0  87.3   0.0   1.4   0.0   15.4
1e-09   mf        120   1  0   0  1.20e-09          1   48.313    6.77   190.6     0.0     0  0.000  22.66   48.0   0.0   0.0  10.8  87.5   17.3
1e-09   lag       120   1  0   0  1.20e-09          1   13.736    1.92    52.3    52.3    35  0.059   5.54   10.0   2.1  58.5  10.5  23.1   23.0
1e-09   lin       120   1  0   0  1.19e-09      0.995   16.168    2.26    60.6    60.6     0  0.059   6.57   10.0   1.8  57.5  10.3  25.5   17.0
1e-10   direct    195   0  0   0  1.29e-10          1   11.606       1     0.0     0.0   975  1.000   0.00    0.0  87.3   0.0   1.4   0.0   21.5
1e-10   mf        195   0  0   0  1.29e-10      0.996   53.066    4.57   148.8     0.0     0  0.000  17.60   36.0   0.0   0.0  12.5  85.1   19.8
1e-10   lag       195   0  0   0  1.29e-10      0.997   25.230    2.17    58.8    58.8    25  0.026   6.35   10.0   0.8  58.1  10.4  25.5   22.7
1e-10   lin       195   0  0   0  1.30e-10          1   24.886    2.14    58.3    58.3     0  0.036   6.28   10.0   1.2  58.4  10.4  24.8   23.5

### semilin2d-128: matched accuracy, work = F (total flops); ratio arm/ref at endpoint error E. R = log-log regression frontier over the ladder (x = extrapolated), Rw = local window fit, C = harness cheapest-run-reaching-E
  vs direct:                  E=1e-04                E=1e-05                E=1e-06                E=1e-07                E=1e-08                E=1e-09                E=1e-10
  mf                 55.2x/n/a/36.1          36 /35.3/26.7           23.4 /n/a/20        15.2 /14.9/14.7        9.91 /9.78/6.77         6.45 /n/a/4.57           4.2x/n/a/n/a
  lag                1.81x/n/a/1.74        1.87 /1.93/2.09         1.92 /n/a/1.87        1.98 /2.02/2.16        2.03 /2.05/1.92         2.09 /n/a/2.17          2.15x/n/a/n/a
  lin                3.01x/n/a/2.87        2.82 /2.89/2.85         2.64 /n/a/2.54        2.47 /2.33/2.25        2.31 /2.23/2.26         2.16 /n/a/2.14          2.02x/n/a/n/a
  lag-rho             9.7x/n/a/8.38         7.48 /n/a/8.65         5.77 /n/a/6.49         4.45 /n/a/5.52          3.44x/n/a/n/a          2.65x/n/a/n/a          2.04x/n/a/n/a
  lag-w4             2.53x/n/a/2.72          2.3 /n/a/2.64         2.09 /n/a/1.98            1.89 /n/a/3          1.72x/n/a/n/a          1.56x/n/a/n/a          1.42x/n/a/n/a
  lin-w4             3.73x/n/a/3.81         3.17 /n/a/3.31          2.7 /n/a/2.48          2.3 /n/a/3.46          1.95x/n/a/n/a          1.66x/n/a/n/a          1.42x/n/a/n/a

### semilin2d-128: matched accuracy, work = F (total flops); ratio arm/ref at endpoint error E. R = log-log regression frontier over the ladder (x = extrapolated), Rw = local window fit, C = harness cheapest-run-reaching-E
  vs mf:                  E=1e-04                E=1e-05                E=1e-06                E=1e-07                E=1e-08                E=1e-09                E=1e-10
  lag            0.0329x/n/a/0.0481  0.0519 /0.0548/0.0782     0.0821 /n/a/0.0933      0.13 /0.135/0.147     0.205 /0.209/0.284       0.324 /n/a/0.475         0.513x/n/a/n/a
  lin            0.0545x/n/a/0.0794    0.0784 /0.082/0.107       0.113 /n/a/0.127     0.162 /0.156/0.153     0.233 /0.228/0.335       0.335 /n/a/0.469         0.481x/n/a/n/a
  lag-rho          0.176x/n/a/0.232       0.208 /n/a/0.324       0.247 /n/a/0.324       0.292 /n/a/0.376         0.346x/n/a/n/a         0.411x/n/a/n/a         0.487x/n/a/n/a
  lag-w4         0.0459x/n/a/0.0752      0.064 /n/a/0.0989     0.0892 /n/a/0.0989       0.124 /n/a/0.205         0.173x/n/a/n/a         0.242x/n/a/n/a         0.337x/n/a/n/a
  lin-w4          0.0675x/n/a/0.106      0.0882 /n/a/0.124       0.115 /n/a/0.124       0.151 /n/a/0.236         0.197x/n/a/n/a         0.258x/n/a/n/a         0.337x/n/a/n/a

### semilin2d-256: per-rtol cells (err = max|y-ref|/max|ref| at t_end; F = total Gflop, sparse JVP model)
rtol    arm       att rej lf stl       err err/err_dir       GF  GF/dir jvp/att pcs/att  cjvp LU/acc col/st p95max   LU%   PC%  JVP% orth%   wall
0.0001  direct     24   6  0   0  3.48e-05          1   11.647       1     0.0     0.0    90  1.333   0.00    0.0  94.2   0.0   0.5   0.0    7.4
0.0001  lag        25   7  0   0  3.15e-05      0.906   14.437    1.24    36.1    36.1    65  0.722   3.52   11.2  36.4  41.3   6.0  11.8    9.1
0.0001  lin        25   7  0   0  3.38e-05      0.971   22.323    1.92    62.8    62.8     0  0.833   6.85   13.6  27.2  46.5   6.4  17.0   14.5
1e-05   direct     29   6  0   0  5.03e-06          1   14.082       1     0.0     0.0   115  1.261   0.00    0.0  94.1   0.0   0.5   0.0    8.6
1e-05   lag        29   6  0   0  5.09e-06       1.01   18.157    1.29    46.9    46.9    50  0.435   4.88   14.2  22.2  49.6   7.0  17.0   11.2
1e-05   lin        29   6  0   0  4.94e-06      0.983   25.665    1.82    65.7    65.7     0  0.609   7.22   14.2  22.0  49.1   6.8  19.1   15.9
1e-06   direct     35   6  0   0  7.42e-07          1   17.009       1     0.0     0.0   145  1.207   0.00    0.0  94.0   0.0   0.6   0.0   11.0
1e-06   lag        35   6  0   0  7.32e-07      0.986   20.322    1.19    49.2    49.2    35  0.241   5.15   12.0  13.9  56.1   7.9  17.7   13.9
1e-06   lin        35   6  0   0  7.46e-07       1.01   26.516    1.56    63.5    63.5     0  0.310   6.94   11.6  13.7  55.5   7.7  19.7   18.1
1e-07   direct     48   4  0   0  9.06e-08          1   23.358       1     0.0     0.0   220  1.091   0.00    0.0  93.9   0.0   0.6   0.0   16.7
1e-07   lag        48   4  0   0  9.02e-08      0.995   26.577    1.14    49.8    49.8    30  0.136   5.22   11.0   9.1  59.5   8.3  18.3   17.5
1e-07   lin        48   4  0   0  8.98e-08      0.992   33.344    1.43    62.8    62.8     0  0.136   6.85   11.6   7.3  59.8   8.3  20.9   20.5
1e-08   direct     78   4  0   0  1.09e-08          1   37.976       1     0.0     0.0   370  1.054   0.00    0.0  93.9   0.0   0.6   0.0   24.9
1e-08   lag        78   4  0   0  1.08e-08      0.994   48.929    1.29    57.6    57.6    35  0.095   6.21   11.0   5.8  60.8   8.5  20.7   32.9
1e-08   lin        78   4  0   0  1.09e-08          1   51.905    1.37    61.1    61.1     0  0.108   6.64   11.0   6.2  60.7   8.4  20.6   31.7

### semilin2d-256: matched accuracy, work = F (total flops); ratio arm/ref at endpoint error E. R = log-log regression frontier over the ladder (x = extrapolated), Rw = local window fit, C = harness cheapest-run-reaching-E
  vs direct:                  E=1e-04                E=1e-05                E=1e-06                E=1e-07                E=1e-08
  lag                1.23x/n/a/1.24         1.23 /n/a/1.29         1.23 /n/a/1.19         1.22 /1.2/1.14          1.22x/n/a/n/a
  lin                2.01x/n/a/1.92         1.81 /n/a/1.82         1.63 /n/a/1.56        1.47 /1.45/1.43          1.33x/n/a/n/a

### semilin2d-256: matched accuracy, work = F (total flops); ratio arm/ref at endpoint error E. R = log-log regression frontier over the ladder (x = extrapolated), Rw = local window fit, C = harness cheapest-run-reaching-E

### bruss2d-32: per-rtol cells (err = max|y-ref|/max|ref| at t_end; F = total Gflop, sparse JVP model)
rtol    arm       att rej lf stl       err err/err_dir       GF  GF/dir jvp/att pcs/att  cjvp LU/acc col/st p95max   LU%   PC%  JVP% orth%   wall
0.001   direct     29   4  0   0  2.55e-04          1    0.148       1     0.0     0.0   200  1.160   0.00    0.0  87.0   0.0   3.3   0.0    0.6
0.001   mf         29   4  0   0  2.54e-04      0.994    0.893    6.05   140.0     0.0     0  0.000  16.50   38.2   0.0   0.0  14.7  83.8    1.0
0.001   lag        29   4  0   0  2.54e-04      0.997    0.285    1.93    33.6    33.6    96  0.480   3.21    7.6  13.3  53.8  11.8  16.1    0.9
0.001   lin        29   4  0   0  2.56e-04          1    0.268    1.81    48.2    48.2     0  0.480   5.04    9.0   3.6  44.9  16.9  29.4    0.9
0.001   dst        29   4  0   0  2.56e-04          1    0.269    1.82    46.3    46.3     0  0.000   4.79    8.0   0.0  52.0  16.1  26.7    0.8
0.001   lag-rho    29   4  0   0  2.54e-04      0.997    0.285    1.93    33.6    33.6    96  0.480   3.21    7.6  13.3  53.8  11.8  16.1    0.6
0.001   lag-w4     29   4  0   0  2.55e-04          1    0.344    2.33    40.6    40.6    88  0.440   4.08   11.0  10.2  54.0  11.7  20.1    0.6
0.001   lin-w4     29   4  0   0  2.55e-04          1    0.297    2.01    52.6    52.6     0  0.360   5.58   10.6   2.4  44.1  16.6  32.1    0.7
0.0001  direct     39   7  0   0  3.78e-05          1    0.198       1     0.0     0.0   256  1.219   0.00    0.0  87.2   0.0   3.1   0.0    0.6
0.0001  mf         39   7  0   0  3.74e-05      0.989    1.028    5.18   131.8     0.0     0  0.000  15.48   32.2   0.0   0.0  16.1  82.1    0.8
0.0001  lag        39   7  0   0  3.83e-05       1.01    0.395    1.99    35.4    35.4   112  0.438   3.44    8.0  11.2  55.2  12.0  16.8    0.8
0.0001  lin        39   7  0   0  3.81e-05       1.01    0.355    1.79    48.0    48.0     0  0.438   5.01    8.0   3.2  45.4  17.0  29.1    0.9
0.0001  dst        39   7  0   0  3.75e-05      0.993    0.356    1.79    45.7    45.7     0  0.000   4.72    7.0   0.0  52.3  16.2  26.2    0.8
0.0001  lag-rho    39   7  0   0  3.83e-05       1.01    0.395    1.99    35.4    35.4   112  0.438   3.44    8.0  11.2  55.2  12.0  16.8    0.8
0.0001  lag-w4     39   7  0   0  3.83e-05       1.01    0.502    2.53    46.1    46.1    80  0.312   4.77   10.0   6.3  56.4  11.9  21.6    0.7
0.0001  lin-w4     39   7  0   0  3.78e-05      0.999    0.395    1.99    52.7    52.7     0  0.312   5.59   10.0   2.0  44.7  16.8  31.8    0.6
1e-05   direct     46   4  0   0  6.31e-06          1    0.235       1     0.0     0.0   336  1.095   0.00    0.0  86.9   0.0   3.4   0.0    0.8
1e-05   mf         46   4  0   0  6.22e-06      0.985    0.937    3.99   116.5     0.0     0  0.000  13.57   24.8   0.0   0.0  18.4  79.2    0.8
1e-05   lag        46   4  0   0  6.29e-06      0.995    0.511    2.18    40.9    40.9    80  0.238   4.12    8.0   6.2  58.1  12.3  19.0    1.0
1e-05   lin        46   4  0   0  6.31e-06      0.999    0.420    1.79    48.7    48.7     0  0.238   5.10    8.0   1.9  45.9  17.2  29.6    0.5
1e-05   dst        46   4  0   0  6.30e-06      0.998    0.420    1.79    45.8    45.8     0  0.000   4.73    7.0   0.0  52.4  16.2  26.1    1.1
1e-05   lag-rho    46   4  0   0  6.29e-06      0.995    0.511    2.18    40.9    40.9    80  0.238   4.12    8.0   6.2  58.1  12.3  19.0    0.8
1e-05   lag-w4     46   4  0   0  6.33e-06          1    0.551    2.34    44.0    44.0    72  0.214   4.51    9.0   5.2  58.0  12.2  20.6    0.8
1e-05   lin-w4     46   4  0   0  6.31e-06          1    0.440    1.87    50.6    50.6     0  0.214   5.33    9.0   1.6  45.4  17.1  30.8    0.6
1e-06   direct     63   3  0   0  8.11e-07          1    0.322       1     0.0     0.0   480  1.050   0.00    0.0  86.7   0.0   3.6   0.0    0.5
1e-06   mf         63   3  0   0  8.01e-07      0.988    1.057    3.28   105.4     0.0     0  0.000  12.17   21.0   0.0   0.0  20.3  76.9    0.6
1e-06   lag        63   3  0   0  8.08e-07      0.996    0.733    2.28    43.3    43.3    88  0.183   4.42    8.0   4.8  58.8  12.3  20.0    0.9
1e-06   lin        63   3  0   0  8.07e-07      0.995    0.580     1.8    49.3    49.3     0  0.183   5.16    8.0   1.5  46.0  17.3  30.0    0.9
1e-06   dst        63   3  0   0  8.05e-07      0.993    0.571    1.77    45.5    45.5     0  0.000   4.69    6.0   0.0  52.5  16.2  26.0    1.2
1e-06   lag-rho    63   3  0   0  8.08e-07      0.996    0.733    2.28    43.3    43.3    88  0.183   4.42    8.0   4.8  58.8  12.3  20.0    0.8
1e-06   lag-w4     63   3  0   0  8.10e-07      0.999    0.799    2.48    47.2    47.2    72  0.150   4.89    9.0   3.6  58.6  12.2  21.8    1.2
1e-06   lin-w4     63   3  0   0  8.11e-07          1    0.629    1.95    52.6    52.6     0  0.150   5.57    9.9   1.1  45.2  17.0  31.8    0.8
1e-07   direct     93   4  0   0  1.09e-07          1    0.476       1     0.0     0.0   712  1.045   0.00    0.0  86.7   0.0   3.6   0.0    0.9
1e-07   mf         93   4  0   0  1.08e-07      0.991    1.286     2.7    94.7     0.0     0  0.000  10.84   19.0   0.0   0.0  22.1  74.4    0.9
1e-07   lag        93   4  0   0  1.08e-07      0.996    1.120    2.35    45.5    45.5    88  0.124   4.69    8.0   3.1  59.7  12.4  20.8    1.7
1e-07   lin        93   4  0   0  1.08e-07      0.998    0.865    1.82    49.8    49.8     0  0.124   5.23    8.0   1.0  46.0  17.3  30.5    1.5
1e-07   dst        93   4  0   0  1.08e-07      0.993    0.843    1.77    45.5    45.5     0  0.000   4.69    6.0   0.0  52.4  16.2  26.1    1.5
1e-07   lag-rho    93   4  0   0  1.08e-07      0.996    1.120    2.35    45.5    45.5    88  0.124   4.69    8.0   3.1  59.7  12.4  20.8    1.6
1e-07   lag-w4     93   4  0   0  1.08e-07      0.998    1.245    2.62    50.0    50.0    80  0.112   5.25    9.0   2.5  58.9  12.2  22.7    1.6
1e-07   lin-w4     93   4  0   0  1.08e-07      0.993    1.116    2.35    60.9    60.9     0  0.090   6.62   11.0   0.6  43.6  16.4  35.4    1.9
1e-08   direct    139   4  0   0  1.11e-08          1    0.711       1     0.0     0.0  1080  1.030   0.00    0.0  86.6   0.0   3.7   0.0    1.9
1e-08   mf        139   4  0   0  1.10e-08      0.991    1.580    2.22    84.7     0.0     0  0.000   9.59   16.0   0.0   0.0  24.0  71.7    1.7
1e-08   lag       139   4  0   0  1.10e-08      0.997    1.698    2.39    46.5    46.5    96  0.089   4.81    8.1   2.2  60.0  12.4  21.4    2.5
1e-08   lin       139   4  0   0  1.10e-08      0.995    1.327    1.86    51.0    51.0     0  0.089   5.37    8.0   0.7  45.9  17.2  31.1    2.5
1e-08   dst       139   4  0   0  1.10e-08      0.997    1.271    1.79    45.8    45.8     0  0.000   4.73    6.0   0.0  52.4  16.2  26.2    2.2
1e-08   lag-rho   139   4  0   0  1.10e-08      0.997    1.698    2.39    46.5    46.5    96  0.089   4.81    8.1   2.2  60.0  12.4  21.4    2.1
1e-08   lag-w4    139   4  0   0  1.10e-08      0.998    2.030    2.85    54.7    54.7    64  0.059   5.84   10.0   1.3  59.1  12.2  24.2    3.1
1e-08   lin-w4    139   4  0   0  1.10e-08      0.993    1.453    2.04    54.8    54.8     0  0.059   5.85    9.0   0.4  45.1  16.9  33.0    2.2
1e-09   direct    212   2  0   0  1.01e-09          1    1.086       1     0.0     0.0  1680  1.010   0.00    0.0  86.6   0.0   3.7   0.0    2.5
1e-09   mf        212   2  0   0  9.98e-10      0.992    2.014    1.85    76.2     0.0     0  0.000   8.52   14.0   0.0   0.0  25.9  69.0    1.9
1e-09   lag       212   2  0   0  1.00e-09      0.995    2.784    2.56    50.0    50.0    88  0.052   5.25    9.0   1.3  60.1  12.4  22.6    4.3
1e-09   lin       212   2  0   0  1.00e-09      0.996    2.053    1.89    51.6    51.6     0  0.052   5.45    9.0   0.4  45.8  17.2  31.6    3.5
1e-09   dst       212   2  0   0  1.00e-09      0.998    1.934    1.78    45.7    45.7     0  0.000   4.72    6.0   0.0  52.3  16.2  26.2    4.0
1e-09   lag-rho   212   2  0   0  1.00e-09      0.995    2.784    2.56    50.0    50.0    88  0.052   5.25    9.0   1.3  60.1  12.4  22.6    3.4
1e-09   lag-w4    212   2  0   0  1.00e-09      0.995    2.892    2.66    51.8    51.8    72  0.043   5.47    9.4   1.0  59.9  12.3  23.3    3.6
1e-09   lin-w4    212   2  0   0  1.00e-09      0.994    2.089    1.92    52.3    52.3     0  0.043   5.54    9.0   0.3  45.6  17.1  32.0    2.9
1e-10   direct    329   0  0   0  9.73e-11          1    1.686       1     0.0     0.0  2632  1.000   0.00    0.0  86.5   0.0   3.8   0.0    3.5
1e-10   mf        329   0  0   0  9.66e-11      0.993    2.685    1.59    69.5     0.0     0  0.000   7.68   12.0   0.0   0.0  27.5  66.6    2.5
1e-10   lag       329   0  0   0  9.69e-11      0.996    4.359    2.59    50.7    50.7    80  0.030   5.34    9.0   0.7  60.4  12.4  22.9    6.0
1e-10   lin       329   0  0   0  9.70e-11      0.997    3.196     1.9    51.7    51.7     0  0.030   5.47    9.0   0.3  45.8  17.2  31.8    4.7
1e-10   dst       329   0  0   0  9.73e-11          1    2.981    1.77    45.4    45.4     0  0.000   4.67    6.0   0.0  52.3  16.1  26.2    5.0
1e-10   lag-rho   329   0  0   0  9.69e-11      0.996    4.359    2.59    50.7    50.7    80  0.030   5.34    9.0   0.7  60.4  12.4  22.9    4.7
1e-10   lag-w4    329   0  0   0  9.70e-11      0.998    4.536    2.69    52.6    52.6    64  0.024   5.57    9.6   0.6  60.2  12.3  23.4    5.9
1e-10   lin-w4    329   0  0   0  9.67e-11      0.994    3.417    2.03    54.6    54.6     0  0.024   5.82    9.0   0.2  45.2  17.0  33.0    4.8

### bruss2d-32: matched accuracy, work = F (total flops); ratio arm/ref at endpoint error E. R = log-log regression frontier over the ladder (x = extrapolated), Rw = local window fit, C = harness cheapest-run-reaching-E; points with err < 2.6e-12 (30x ref uncertainty) excluded
  vs direct:                  E=1e-03                E=1e-04                E=1e-05                E=1e-06                E=1e-07                E=1e-08                E=1e-09                E=1e-10                E=1e-11
  mf                  6.6x/n/a/6.05         5.34 /n/a/4.72         4.32 /n/a/3.99        3.49 /3.34/3.28         2.82 /2.7/2.22         2.28 /n/a/1.85         1.84 /n/a/1.19         1.49 /n/a/1.59          1.21x/n/a/n/a
  lag                1.92x/n/a/1.93         2.01 /n/a/1.99          2.1 /n/a/2.18         2.2 /2.26/2.28        2.31 /2.34/2.39         2.42 /n/a/2.56         2.53 /n/a/2.59         2.65 /n/a/2.59          2.78x/n/a/n/a
  lin                1.77x/n/a/1.81         1.79 /n/a/1.79          1.8 /n/a/1.79          1.82 /1.8/1.8        1.84 /1.83/1.86         1.85 /n/a/1.89          1.87 /n/a/1.9          1.89 /n/a/1.9          1.91x/n/a/n/a
  dst                 1.8x/n/a/1.82          1.8 /n/a/1.79         1.79 /n/a/1.79        1.79 /1.78/1.77        1.78 /1.77/1.79         1.78 /n/a/1.78         1.77 /n/a/1.77         1.77 /n/a/1.77          1.76x/n/a/n/a
  lag-rho            1.92x/n/a/1.93         2.01 /n/a/1.99          2.1 /n/a/2.18         2.2 /2.26/2.28        2.31 /2.34/2.39         2.42 /n/a/2.56         2.53 /n/a/2.59         2.65 /n/a/2.59          2.78x/n/a/n/a
  lag-w4             2.34x/n/a/2.33          2.4 /n/a/2.53         2.46 /n/a/2.34        2.52 /2.47/2.48        2.58 /2.64/2.85         2.64 /n/a/2.66         2.71 /n/a/2.69         2.78 /n/a/2.69          2.84x/n/a/n/a
  lin-w4             1.99x/n/a/2.01            2 /n/a/1.99            2 /n/a/1.87        2.01 /2.02/1.95        2.02 /2.11/2.04         2.03 /n/a/1.92         2.03 /n/a/1.24         2.04 /n/a/2.03          2.05x/n/a/n/a

### bruss2d-32: matched accuracy, work = F (total flops); ratio arm/ref at endpoint error E. R = log-log regression frontier over the ladder (x = extrapolated), Rw = local window fit, C = harness cheapest-run-reaching-E; points with err < 2.6e-12 (30x ref uncertainty) excluded
  vs mf:                  E=1e-03                E=1e-04                E=1e-05                E=1e-06                E=1e-07                E=1e-08                E=1e-09                E=1e-10                E=1e-11
  lag                0.29x/n/a/0.32       0.376 /n/a/0.421       0.487 /n/a/0.545     0.631 /0.675/0.694      0.818 /0.865/1.07         1.06 /n/a/1.38         1.37 /n/a/2.17         1.78 /n/a/1.62           2.3x/n/a/n/a
  lin                0.268x/n/a/0.3       0.335 /n/a/0.378       0.418 /n/a/0.448     0.521 /0.538/0.549      0.651 /0.676/0.84        0.813 /n/a/1.02         1.01 /n/a/1.59         1.27 /n/a/1.19          1.58x/n/a/n/a
  dst              0.273x/n/a/0.302        0.337 /n/a/0.38       0.416 /n/a/0.448      0.512 /0.532/0.54     0.632 /0.657/0.804       0.779 /n/a/0.961         0.96 /n/a/1.48         1.18 /n/a/1.11          1.46x/n/a/n/a
  lag-rho            0.29x/n/a/0.32       0.376 /n/a/0.421       0.487 /n/a/0.545     0.631 /0.675/0.694      0.818 /0.865/1.07         1.06 /n/a/1.38         1.37 /n/a/2.17         1.78 /n/a/1.62           2.3x/n/a/n/a
  lag-w4           0.355x/n/a/0.385       0.449 /n/a/0.536       0.569 /n/a/0.588     0.722 /0.738/0.756      0.914 /0.979/1.29         1.16 /n/a/1.44         1.47 /n/a/2.25         1.86 /n/a/1.69          2.36x/n/a/n/a
  lin-w4           0.301x/n/a/0.332       0.374 /n/a/0.422        0.464 /n/a/0.47     0.576 /0.606/0.595       0.715 /0.78/0.92        0.888 /n/a/1.04          1.1 /n/a/1.04         1.37 /n/a/1.27           1.7x/n/a/n/a

### bruss2d-64: per-rtol cells (err = max|y-ref|/max|ref| at t_end; F = total Gflop, sparse JVP model)
rtol    arm       att rej lf stl       err err/err_dir       GF  GF/dir jvp/att pcs/att  cjvp LU/acc col/st p95max   LU%   PC%  JVP% orth%   wall
0.001   direct     29   4  0   0  2.62e-04          1    1.227       1     0.0     0.0   200  1.160   0.00    0.0  93.7   0.0   1.6   0.0    1.2
0.001   mf         29   4  0   0  2.57e-04       0.98    9.335     7.6   265.9     0.0     0  0.000  31.94   81.6   0.0   0.0  10.7  88.7    2.8
0.001   lag        29   4  0   0  2.62e-04      0.997    1.601     1.3    31.2    31.2   112  0.560   2.91    7.0  28.5  49.7   8.0  10.2    1.6
0.001   lin        29   4  0   0  2.62e-04          1    1.337    1.09    47.9    47.9     0  0.560   4.99    8.6   9.0  50.0  13.5  23.3    1.4
0.001   dst        29   4  0   0  2.63e-04          1    1.190   0.969    46.3    46.3     0  0.000   4.80    8.0   0.0  56.4  14.7  24.2    1.2
0.001   lag-rho    29   4  0   0  2.62e-04      0.997    1.601     1.3    31.2    31.2   112  0.560   2.91    7.0  28.5  49.7   8.0  10.2    1.9
0.001   lag-w4     29   4  0   0  2.62e-04          1    1.916    1.56    41.1    41.1    88  0.440   4.15   11.0  18.7  54.8   8.5  15.0    1.6
0.001   lin-w4     29   4  0   0  2.62e-04      0.997    1.477     1.2    53.4    53.4     0  0.360   5.68   10.6   5.2  50.5  13.6  26.8    1.6
0.0001  direct     39   7  0   0  3.76e-05          1    1.650       1     0.0     0.0   256  1.219   0.00    0.0  93.8   0.0   1.5   0.0    1.7
0.0001  mf         39   7  0   0  3.67e-05      0.975   11.346    6.88   243.4     0.0     0  0.000  29.20   66.3   0.0   0.0  10.9  88.5    3.2
0.0001  lag        39   7  0   0  3.83e-05       1.02    2.220    1.35    35.7    35.7   112  0.438   3.47    8.0  20.6  55.2   8.6  12.1    2.1
0.0001  lin        39   7  0   0  3.79e-05       1.01    1.754    1.06    48.0    48.0     0  0.438   5.01    8.0   6.9  51.4  13.9  23.5    2.1
0.0001  dst        39   7  0   0  3.74e-05      0.994    1.565   0.949    45.6    45.6     0  0.000   4.71    7.0   0.0  56.8  14.8  23.7    1.9
0.0001  lag-rho    39   7  0   0  3.83e-05       1.02    2.220    1.35    35.7    35.7   112  0.438   3.47    8.0  20.6  55.2   8.6  12.1    2.1
0.0001  lag-w4     39   7  0   0  3.81e-05       1.01    2.570    1.56    43.7    43.7    88  0.344   4.47   10.1  14.0  58.5   9.0  15.7    2.1
0.0001  lin-w4     39   7  0   0  3.74e-05      0.993    1.965    1.19    53.6    53.6     0  0.312   5.71   10.1   4.4  51.2  13.8  26.7    1.8
1e-05   direct     49   6  0   0  5.85e-06          1    2.075       1     0.0     0.0   344  1.140   0.00    0.0  93.7   0.0   1.6   0.0    2.0
1e-05   mf         49   6  0   0  5.71e-06      0.976   11.423     5.5   208.0     0.0     0  0.000  24.92   50.6   0.0   0.0  11.6  87.6    3.5
1e-05   lag        49   6  0   0  5.84e-06      0.999    2.957    1.42    41.6    41.6    88  0.256   4.21    8.0  12.1  60.8   9.3  14.7    2.5
1e-05   lin        49   6  0   0  5.81e-06      0.993    2.193    1.06    48.9    48.9     0  0.256   5.12    8.0   4.3  52.6  14.2  24.5    2.7
1e-05   dst        49   6  0   0  5.84e-06      0.999    1.953   0.941    45.3    45.3     0  0.000   4.67    7.0   0.0  56.8  14.8  23.5    1.6
1e-05   lag-rho    49   6  0   0  5.84e-06      0.999    2.957    1.42    41.6    41.6    88  0.256   4.21    8.0  12.1  60.8   9.3  14.7    2.5
1e-05   lag-w4     49   6  0   0  5.85e-06          1    3.166    1.53    44.8    44.8    80  0.233   4.61    9.6  10.3  61.1   9.3  16.3    2.8
1e-05   lin-w4     49   6  0   0  5.87e-06          1    2.369    1.14    52.0    52.0     0  0.233   5.51   10.6   3.6  51.8  14.0  26.6    2.9
1e-06   direct     63   3  0   0  8.72e-07          1    2.672       1     0.0     0.0   480  1.050   0.00    0.0  93.6   0.0   1.7   0.0    2.8
1e-06   mf         63   3  0   0  8.59e-07      0.984   12.175    4.56   187.8     0.0     0  0.000  22.46   41.0   0.0   0.0  12.6  86.4    3.7
1e-06   lag        63   3  0   0  8.71e-07      0.998    3.874    1.45    42.4    42.4   112  0.233   4.30    8.9  11.8  60.7   9.2  15.1    3.3
1e-06   lin        63   3  0   0  8.69e-07      0.996    2.919    1.09    50.4    50.4     0  0.233   5.30    9.0   4.1  52.4  14.1  25.1    3.1
1e-06   dst        63   3  0   0  8.66e-07      0.992    2.511    0.94    45.4    45.4     0  0.000   4.67    6.0   0.0  56.9  14.8  23.5    2.4
1e-06   lag-rho    63   3  0   0  8.71e-07      0.998    3.874    1.45    42.4    42.4   112  0.233   4.30    8.9  11.8  60.7   9.2  15.1    3.9
1e-06   lag-w4     63   3  0   0  8.72e-07      0.999    4.373    1.64    49.3    49.3    80  0.167   5.17   10.0   7.5  62.6   9.4  17.7    4.4
1e-06   lin-w4     63   3  0   0  8.69e-07      0.996    3.172    1.19    54.5    54.5     0  0.150   5.81   11.0   2.4  52.1  14.1  27.6    3.4
1e-07   direct     91   3  0   0  1.03e-07          1    3.862       1     0.0     0.0   704  1.034   0.00    0.0  93.5   0.0   1.8   0.0    4.1
1e-07   mf         91   3  0   0  1.02e-07      0.989   14.026    3.63   166.9     0.0     0  0.000  19.86   36.5   0.0   0.0  14.1  84.7    4.9
1e-07   lag        91   3  0   0  1.03e-07      0.998    5.857    1.52    47.4    47.4    80  0.114   4.92    9.0   5.6  64.8   9.7  16.9    5.2
1e-07   lin        91   3  0   0  1.02e-07      0.997    4.215    1.09    51.3    51.3     0  0.114   5.41    9.0   2.0  53.3  14.4  26.0    4.8
1e-07   dst        91   3  0   0  1.02e-07      0.992    3.646   0.944    45.6    45.6     0  0.000   4.70    6.0   0.0  56.8  14.8  23.6    3.5
1e-07   lag-rho    91   3  0   0  1.03e-07      0.998    5.857    1.52    47.4    47.4    80  0.114   4.92    9.0   5.6  64.8   9.7  16.9    5.5
1e-07   lag-w4     91   3  0   0  1.02e-07      0.998    6.411    1.66    51.6    51.6    72  0.102   5.45   10.0   4.6  64.6   9.6  18.5    5.8
1e-07   lin-w4     91   3  0   0  1.02e-07      0.993    5.910    1.53    67.4    67.4     0  0.091   7.43   13.0   1.2  50.0  13.5  32.4    4.9
1e-08   direct    138   3  0   0  1.07e-08          1    5.858       1     0.0     0.0  1080  1.022   0.00    0.0  93.5   0.0   1.8   0.0    6.4
1e-08   mf        138   3  0   0  1.06e-08      0.989   16.259    2.78   144.7     0.0     0  0.000  17.09   31.0   0.0   0.0  16.0  82.4    6.2
1e-08   lag       138   3  0   0  1.07e-08      0.997    9.163    1.56    49.7    49.7    80  0.074   5.21    9.0   3.6  65.9   9.8  17.8    8.5
1e-08   lin       138   3  0   0  1.07e-08      0.993    6.510    1.11    52.3    52.3     0  0.074   5.54    9.0   1.3  53.4  14.4  26.7    5.8
1e-08   dst       138   3  0   0  1.07e-08      0.997    5.562   0.949    45.8    45.8     0  0.000   4.72    6.0   0.0  56.8  14.8  23.7    4.6
1e-08   lag-rho   138   3  0   0  1.07e-08      0.997    9.163    1.56    49.7    49.7    80  0.074   5.21    9.0   3.6  65.9   9.8  17.8    8.2
1e-08   lag-w4    138   3  0   0  1.07e-08      0.996    9.768    1.67    52.7    52.7    72  0.067   5.59   10.0   3.0  65.7   9.8  18.8    8.3
1e-08   lin-w4    138   3  0   0  1.07e-08      0.995    8.180     1.4    62.9    62.9     0  0.059   6.87   11.0   0.8  51.1  13.8  31.0    8.6
1e-09   direct    212   2  0   0  1.02e-09          1    9.001       1     0.0     0.0  1680  1.010   0.00    0.0  93.5   0.0   1.8   0.0    8.7
1e-09   mf        212   2  0   0  1.01e-09      0.989   19.076    2.12   124.7     0.0     0  0.000  14.59   26.0   0.0   0.0  18.0  79.8    7.4
1e-09   lag       212   2  0   0  1.02e-09      0.997   14.760    1.64    52.5    52.5    80  0.048   5.56    9.0   2.2  66.4   9.9  18.7   13.5
1e-09   lin       212   2  0   0  1.02e-09      0.994   10.457    1.16    54.5    54.5     0  0.048   5.81    9.0   0.8  53.2  14.4  27.7    9.9
1e-09   dst       212   2  0   0  1.02e-09      0.999    8.533   0.948    45.7    45.7     0  0.000   4.71    6.0   0.0  56.7  14.8  23.7    7.2
1e-09   lag-rho   212   2  0   0  1.02e-09      0.997   14.760    1.64    52.5    52.5    80  0.048   5.56    9.0   2.2  66.4   9.9  18.7   12.8
1e-09   lag-w4    212   2  0   0  1.02e-09      0.997   14.835    1.65    52.8    52.8    72  0.043   5.60   10.0   2.0  66.5   9.9  18.9   11.8
1e-09   lin-w4    212   2  0   0  1.02e-09      0.997   10.960    1.22    56.4    56.4     0  0.038   6.05   11.0   0.6  52.5  14.2  28.9    8.7
1e-10   direct    330   0  0   0  9.86e-11          1   14.015       1     0.0     0.0  2640  1.000   0.00    0.0  93.5   0.0   1.8   0.0   13.7
1e-10   mf        330   0  0   0  9.77e-11       0.99   22.905    1.63   107.7     0.0     0  0.000  12.47   22.0   0.0   0.0  20.2  77.0   10.3
1e-10   lag       330   0  0   0  9.82e-11      0.996   23.733    1.69    54.2    54.2    88  0.033   5.78   10.0   1.5  66.4   9.8  19.5   18.3
1e-10   lin       330   0  0   0  9.83e-11      0.996   16.315    1.16    54.5    54.5     0  0.039   5.81   10.0   0.7  53.1  14.3  28.0   13.3
1e-10   dst       330   0  0   0  9.86e-11          1   13.178    0.94    45.3    45.3     0  0.000   4.66    6.0   0.0  56.7  14.7  23.7    9.0
1e-10   lag-rho   330   0  0   0  9.83e-11      0.997   22.804    1.63    52.1    52.1   104  0.039   5.52   10.0   1.9  66.5   9.9  19.0   14.3
1e-10   lag-w4    330   0  0   0  9.82e-11      0.996   24.694    1.76    56.3    56.3    72  0.027   6.04   10.0   1.2  66.3   9.8  20.1   15.4
1e-10   lin-w4    330   0  0   0  9.82e-11      0.995   18.651    1.33    60.7    60.7     0  0.024   6.58   12.0   0.4  51.7  14.0  30.6   13.0

### bruss2d-64: matched accuracy, work = F (total flops); ratio arm/ref at endpoint error E. R = log-log regression frontier over the ladder (x = extrapolated), Rw = local window fit, C = harness cheapest-run-reaching-E; points with err < 2.6e-12 (30x ref uncertainty) excluded
  vs direct:                  E=1e-03                E=1e-04                E=1e-05                E=1e-06                E=1e-07                E=1e-08                E=1e-09                E=1e-10                E=1e-11
  mf                  9.41x/n/a/7.6         7.35 /n/a/6.88          5.75 /n/a/5.5         4.49 /4.6/4.56        3.51 /3.58/2.78         2.74 /n/a/2.12         2.14 /n/a/1.63         1.68 /n/a/1.63          1.31x/n/a/n/a
  lag                 1.28x/n/a/1.3         1.34 /n/a/1.35         1.39 /n/a/1.42        1.45 /1.46/1.45        1.51 /1.51/1.56         1.57 /n/a/1.64         1.63 /n/a/1.69          1.7 /n/a/1.69          1.77x/n/a/n/a
  lin                1.05x/n/a/1.09         1.06 /n/a/1.06         1.08 /n/a/1.06        1.09 /1.08/1.09         1.11 /1.1/1.11         1.12 /n/a/1.16         1.14 /n/a/1.16         1.15 /n/a/1.16          1.17x/n/a/n/a
  dst              0.955x/n/a/0.969       0.953 /n/a/0.949       0.951 /n/a/0.941      0.949 /0.941/0.94     0.946 /0.943/0.949       0.944 /n/a/0.948        0.942 /n/a/0.94         0.94 /n/a/0.94         0.938x/n/a/n/a
  lag-rho             1.29x/n/a/1.3         1.34 /n/a/1.35         1.39 /n/a/1.42        1.44 /1.46/1.45         1.5 /1.51/1.56         1.55 /n/a/1.64         1.61 /n/a/1.63         1.67 /n/a/1.63          1.73x/n/a/n/a
  lag-w4             1.52x/n/a/1.56         1.55 /n/a/1.56         1.58 /n/a/1.53         1.61 /1.6/1.64        1.64 /1.65/1.67         1.67 /n/a/1.65          1.7 /n/a/1.76         1.73 /n/a/1.76          1.76x/n/a/n/a
  lin-w4              1.17x/n/a/1.2          1.2 /n/a/1.19         1.22 /n/a/1.14        1.25 /1.25/1.19         1.28 /1.36/1.4          1.3 /n/a/1.22         1.33 /n/a/1.33         1.36 /n/a/1.33          1.39x/n/a/n/a

### bruss2d-64: matched accuracy, work = F (total flops); ratio arm/ref at endpoint error E. R = log-log regression frontier over the ladder (x = extrapolated), Rw = local window fit, C = harness cheapest-run-reaching-E; points with err < 2.6e-12 (30x ref uncertainty) excluded
  vs mf:                  E=1e-03                E=1e-04                E=1e-05                E=1e-06                E=1e-07                E=1e-08                E=1e-09                E=1e-10                E=1e-11
  lag              0.136x/n/a/0.172       0.182 /n/a/0.196       0.242 /n/a/0.259     0.322 /0.317/0.318     0.429 /0.421/0.564       0.572 /n/a/0.774        0.762 /n/a/1.04         1.02 /n/a/1.04          1.35x/n/a/n/a
  lin              0.111x/n/a/0.143       0.145 /n/a/0.155       0.187 /n/a/0.192      0.243 /0.234/0.24       0.316 /0.306/0.4       0.409 /n/a/0.548       0.531 /n/a/0.712       0.689 /n/a/0.712         0.894x/n/a/n/a
  dst              0.102x/n/a/0.127        0.13 /n/a/0.138       0.165 /n/a/0.171     0.211 /0.205/0.206      0.27 /0.263/0.342       0.344 /n/a/0.447       0.439 /n/a/0.575       0.561 /n/a/0.575         0.716x/n/a/n/a
  lag-rho          0.138x/n/a/0.172       0.183 /n/a/0.196       0.242 /n/a/0.259     0.322 /0.317/0.318     0.427 /0.421/0.564       0.566 /n/a/0.774       0.752 /n/a/0.996       0.998 /n/a/0.996          1.32x/n/a/n/a
  lag-w4           0.162x/n/a/0.205       0.211 /n/a/0.227       0.275 /n/a/0.277     0.358 /0.348/0.359     0.466 /0.462/0.601       0.607 /n/a/0.778        0.791 /n/a/1.08         1.03 /n/a/1.08          1.34x/n/a/n/a
  lin-w4           0.125x/n/a/0.158       0.163 /n/a/0.173       0.213 /n/a/0.207     0.278 /0.273/0.261      0.364 /0.38/0.503       0.475 /n/a/0.575       0.621 /n/a/0.814       0.812 /n/a/0.814          1.06x/n/a/n/a

### bruss2d-128: per-rtol cells (err = max|y-ref|/max|ref| at t_end; F = total Gflop, sparse JVP model)
rtol    arm       att rej lf stl       err err/err_dir       GF  GF/dir jvp/att pcs/att  cjvp LU/acc col/st p95max   LU%   PC%  JVP% orth%   wall
0.001   direct     29   4  0   0  2.65e-04          1   10.475       1     0.0     0.0   200  1.160   0.00    0.0  97.1   0.0   0.7   0.0    9.1
0.001   mf         29   4  0   0  2.62e-04      0.991   85.746    8.19   546.8     0.0     0  0.000  66.17  176.4   0.0   0.0   9.7  90.1   28.9
0.001   lag        29   4  0   0  2.63e-04      0.994   10.025   0.957    31.4    31.4   112  0.560   2.93    7.6  43.3  42.6   5.2   6.6    9.2
0.001   lin        29   4  0   0  2.63e-04      0.995    6.869   0.656    47.7    47.7     0  0.560   4.97    8.6  16.7  51.5  10.5  18.0    6.9
0.001   dst        29   4  0   0  2.64e-04      0.998    5.160   0.493    46.0    46.0     0  0.000   4.75    8.0   0.0  60.2  13.5  22.0    5.7
0.0001  direct     39   7  0   0  3.71e-05          1   14.108       1     0.0     0.0   256  1.219   0.00    0.0  97.1   0.0   0.7   0.0   10.4
0.0001  mf         39   7  0   0  3.73e-05       1.01  102.793    7.29   493.8     0.0     0  0.000  59.71  144.0   0.0   0.0   9.8  89.9   35.4
0.0001  lag        39   7  0   0  3.76e-05       1.01   13.052   0.925    35.7    35.7   112  0.438   3.48    8.0  33.3  50.2   5.9   8.3   10.5
0.0001  lin        39   7  0   0  3.73e-05       1.01    8.830   0.626    47.8    47.8     0  0.438   4.98    8.0  13.0  54.0  11.0  18.6   10.3
0.0001  dst        39   7  0   0  3.69e-05      0.994    6.815   0.483    45.4    45.4     0  0.000   4.68    7.0   0.0  60.4  13.6  21.6    7.7
0.0001  lag-rho    39   7  0   0  3.76e-05       1.01   13.052   0.925    35.7    35.7   112  0.438   3.48    8.0  33.3  50.2   5.9   8.3   10.7
0.0001  lag-w4     39   7  0   0  3.75e-05       1.01   14.284    1.01    43.8    43.8    88  0.344   4.49   10.1  23.8  56.2   6.5  11.4   12.0
0.0001  lin-w4     39   7  0   0  3.69e-05      0.993    9.678   0.686    53.7    53.7     0  0.312   5.72   11.0   8.4  55.3  11.3  21.9   10.2
1e-05   direct     48   6  0   0  5.87e-06          1   17.390       1     0.0     0.0   336  1.143   0.00    0.0  97.1   0.0   0.8   0.0   14.4
1e-05   mf         48   6  0   0  5.82e-06      0.992  106.690    6.14   423.2     0.0     0  0.000  51.11  104.9   0.0   0.0   9.9  89.7   37.1
1e-05   lag        48   6  0   0  5.84e-06      0.996   15.784   0.908    40.2    40.2    96  0.286   4.02    8.0  23.5  57.4   6.6  10.1   12.9
1e-05   lin        48   6  0   0  5.84e-06      0.995   10.729   0.617    49.2    49.2     0  0.286   5.14    8.0   9.1  56.2  11.5  19.7   11.4
1e-05   dst        48   6  0   0  5.86e-06      0.999    8.435   0.485    45.7    45.7     0  0.000   4.71    7.0   0.0  60.5  13.6  21.5   10.3
1e-06   direct     63   3  0   0  8.73e-07          1   22.866       1     0.0     0.0   480  1.050   0.00    0.0  97.0   0.0   0.8   0.0   17.0
1e-06   mf         63   3  0   0  8.63e-07      0.988  120.352    5.26   369.2     0.0     0  0.000  44.54   89.9   0.0   0.0  10.1  89.5   44.4
1e-06   lag        63   3  0   0  8.71e-07      0.997   21.210   0.928    42.5    42.5   112  0.233   4.31    9.0  20.5  59.3   6.8  11.1   17.3
1e-06   lin        63   3  0   0  8.70e-07      0.996   14.395    0.63    50.5    50.5     0  0.233   5.32    9.0   8.0  56.5  11.5  20.5   14.2
1e-06   dst        63   3  0   0  8.67e-07      0.993   10.958   0.479    45.3    45.3     0  0.000   4.66    6.0   0.0  60.6  13.6  21.4   12.0
1e-06   lag-rho    63   3  0   0  8.71e-07      0.997   21.210   0.928    42.5    42.5   112  0.233   4.31    9.0  20.5  59.3   6.8  11.1   18.3
1e-06   lag-w4     63   3  0   0  8.73e-07      0.999   23.140    1.01    49.8    49.8    80  0.167   5.22   10.0  13.3  63.7   7.2  13.7   17.4
1e-06   lin-w4     63   3  0   0  8.71e-07      0.997   15.753   0.689    55.7    55.7     0  0.150   5.97   12.0   4.6  57.0  11.6  23.6   14.6
1e-07   direct     93   4  0   0  1.12e-07          1   33.791       1     0.0     0.0   712  1.045   0.00    0.0  97.0   0.0   0.8   0.0   25.4
1e-07   mf         93   4  0   0  1.11e-07      0.988  150.788    4.46   322.1     0.0     0  0.000  38.82   74.4   0.0   0.0  10.4  89.1   53.0
1e-07   lag        93   4  0   0  1.12e-07      0.996   31.934   0.945    48.9    48.9    80  0.112   5.12    9.0   9.7  66.9   7.5  13.6   28.2
1e-07   lin        93   4  0   0  1.12e-07      0.995   21.402   0.633    52.7    52.7     0  0.112   5.59    9.0   3.8  58.6  12.0  22.3   22.0
1e-07   dst        93   4  0   0  1.11e-07      0.994   16.280   0.482    45.5    45.5     0  0.000   4.69    6.0   0.0  60.5  13.6  21.5   19.4
1e-08   direct    140   4  0   0  1.13e-08          1   50.914       1     0.0     0.0  1088  1.029   0.00    0.0  97.0   0.0   0.8   0.0   37.3
1e-08   mf        140   4  0   0  1.11e-08      0.986  186.840    3.67   274.1     0.0     0  0.000  32.98   63.0   0.0   0.0  10.7  88.7   65.7
1e-08   lag       140   4  0   0  1.13e-08      0.997   48.618   0.955    49.7    49.7   112  0.103   5.21   10.0   8.9  67.3   7.6  14.0   40.6
1e-08   lin       140   4  0   0  1.12e-08      0.995   33.037   0.649    53.9    53.9     0  0.103   5.74   10.0   3.5  58.4  11.9  22.9   32.4
1e-08   dst       140   4  0   0  1.12e-08      0.996   24.585   0.483    45.6    45.6     0  0.000   4.70    6.0   0.0  60.4  13.6  21.6   28.8
1e-08   lag-rho   140   4  0   0  1.13e-08      0.998   48.326   0.949    49.4    49.4   112  0.103   5.17   10.0   9.0  67.2   7.6  14.0   32.6
1e-08   lag-w4    140   4  0   0  1.12e-08      0.996   52.364    1.03    54.8    54.8    80  0.074   5.85   10.0   5.9  68.8   7.7  15.5   29.2
1e-08   lin-w4    140   4  0   0  1.12e-08      0.993   38.403   0.754    61.6    61.6     0  0.066   6.70   13.0   1.9  57.4  11.7  26.2   24.0
1e-09   direct    211   1  0   0  1.01e-09          1   76.791       1     0.0     0.0  1680  1.005   0.00    0.0  97.0   0.0   0.9   0.0   57.6
1e-09   mf        211   1  0   0  9.97e-10      0.986  226.637    2.95   233.1     0.0     0  0.000  28.00   52.0   0.0   0.0  11.3  87.9   87.0
1e-09   lag       211   1  0   0  1.01e-09      0.998   73.301   0.955    51.4    51.4   104  0.062   5.43   10.0   5.5  69.6   7.8  14.9   57.9
1e-09   lin       211   1  0   0  1.01e-09      0.995   51.027   0.665    55.8    55.8     0  0.048   5.98   10.0   1.6  59.1  12.1  24.1   48.8
1e-09   dst       211   1  0   0  1.01e-09      0.999   37.146   0.484    45.7    45.7     0  0.000   4.71    6.0   0.0  60.4  13.6  21.7   51.2
1e-10   direct    331   0  0   0  9.93e-11          1  120.511       1     0.0     0.0  2648  1.000   0.00    0.0  97.0   0.0   0.9   0.0   87.4
1e-10   mf        331   0  0   0  9.81e-11      0.988  273.345    2.27   196.1     0.0     0  0.000  23.49   44.0   0.0   0.0  12.4  86.7   71.9
1e-10   lag       331   0  0   0  9.89e-11      0.996  116.188   0.964    52.9    52.9   112  0.042   5.61   10.0   3.7  70.8   7.9  15.4   91.9
1e-10   lin       331   0  0   0  9.88e-11      0.995   81.217   0.674    56.7    56.7     0  0.033   6.08   10.0   1.1  59.1  12.1  24.6   80.1
1e-10   dst       331   0  0   0  9.94e-11          1   57.731   0.479    45.2    45.2     0  0.000   4.65    6.0   0.0  60.3  13.5  21.7   49.5

### bruss2d-128: matched accuracy, work = F (total flops); ratio arm/ref at endpoint error E. R = log-log regression frontier over the ladder (x = extrapolated), Rw = local window fit, C = harness cheapest-run-reaching-E; points with err < 2.6e-12 (30x ref uncertainty) excluded
  vs direct:                  E=1e-03                E=1e-04                E=1e-05                E=1e-06                E=1e-07                E=1e-08                E=1e-09                E=1e-10                E=1e-11
  mf                 9.55x/n/a/8.19         7.83 /n/a/7.29         6.42 /n/a/6.14        5.26 /5.32/5.26         4.32 /4.4/3.67         3.54 /n/a/2.95          2.9 /n/a/1.88         2.38 /n/a/2.27          1.95x/n/a/n/a
  lag              0.924x/n/a/0.957       0.929 /n/a/0.925       0.934 /n/a/0.908     0.938 /0.924/0.928     0.943 /0.942/0.955       0.948 /n/a/0.955       0.953 /n/a/0.964       0.958 /n/a/0.964         0.962x/n/a/n/a
  lin              0.623x/n/a/0.656       0.628 /n/a/0.626       0.634 /n/a/0.617      0.639 /0.625/0.63     0.645 /0.637/0.649       0.651 /n/a/0.665       0.656 /n/a/0.674       0.662 /n/a/0.674         0.668x/n/a/n/a
  dst              0.487x/n/a/0.493       0.486 /n/a/0.483       0.485 /n/a/0.485     0.484 /0.482/0.479     0.483 /0.481/0.483       0.482 /n/a/0.484        0.48 /n/a/0.479       0.479 /n/a/0.479         0.478x/n/a/n/a
  lag-rho            0.94x/n/a/1.25       0.933x/n/a/0.925        0.926 /n/a/1.22       0.919 /n/a/0.928       0.911 /n/a/0.949         0.904x/n/a/n/a         0.897x/n/a/n/a          0.89x/n/a/n/a         0.883x/n/a/n/a
  lag-w4             1.03x/n/a/1.36         1.02x/n/a/1.01         1.01 /n/a/1.33            1 /n/a/1.01        0.991 /n/a/1.03          0.98x/n/a/n/a          0.97x/n/a/n/a         0.959x/n/a/n/a         0.949x/n/a/n/a
  lin-w4           0.668x/n/a/0.924       0.677x/n/a/0.686       0.685 /n/a/0.906       0.694 /n/a/0.689       0.703 /n/a/0.754         0.713x/n/a/n/a         0.722x/n/a/n/a         0.731x/n/a/n/a         0.741x/n/a/n/a

### bruss2d-128: matched accuracy, work = F (total flops); ratio arm/ref at endpoint error E. R = log-log regression frontier over the ladder (x = extrapolated), Rw = local window fit, C = harness cheapest-run-reaching-E; points with err < 2.6e-12 (30x ref uncertainty) excluded
  vs mf:                  E=1e-03                E=1e-04                E=1e-05                E=1e-06                E=1e-07                E=1e-08                E=1e-09                E=1e-10                E=1e-11
  lag             0.0968x/n/a/0.117       0.119 /n/a/0.127       0.145 /n/a/0.148     0.178 /0.174/0.176      0.219 /0.214/0.26       0.268 /n/a/0.323       0.328 /n/a/0.513       0.403 /n/a/0.425         0.494x/n/a/n/a
  lin            0.0652x/n/a/0.0801     0.0802 /n/a/0.0859      0.0987 /n/a/0.101      0.121 /0.118/0.12     0.149 /0.145/0.177       0.184 /n/a/0.225       0.226 /n/a/0.358       0.278 /n/a/0.297         0.342x/n/a/n/a
  dst             0.051x/n/a/0.0602     0.0621 /n/a/0.0663     0.0756 /n/a/0.0791  0.0919 /0.0906/0.0911     0.112 /0.109/0.132       0.136 /n/a/0.164       0.166 /n/a/0.255       0.202 /n/a/0.211         0.245x/n/a/n/a
  lag-rho         0.0985x/n/a/0.152       0.119x/n/a/0.127       0.144 /n/a/0.199       0.175 /n/a/0.176       0.211 /n/a/0.259         0.256x/n/a/n/a         0.309x/n/a/n/a         0.374x/n/a/n/a         0.453x/n/a/n/a
  lag-w4           0.108x/n/a/0.167       0.131x/n/a/0.139       0.158 /n/a/0.217        0.19 /n/a/0.192         0.23 /n/a/0.28         0.277x/n/a/n/a         0.334x/n/a/n/a         0.403x/n/a/n/a         0.487x/n/a/n/a
  lin-w4          0.0699x/n/a/0.113     0.0864x/n/a/0.0941       0.107 /n/a/0.148       0.132 /n/a/0.131       0.163 /n/a/0.206         0.201x/n/a/n/a         0.249x/n/a/n/a         0.308x/n/a/n/a          0.38x/n/a/n/a

### bruss2d-256: per-rtol cells (err = max|y-ref|/max|ref| at t_end; F = total Gflop, sparse JVP model)
rtol    arm       att rej lf stl       err err/err_dir       GF  GF/dir jvp/att pcs/att  cjvp LU/acc col/st p95max   LU%   PC%  JVP% orth%   wall
0.0001  direct     39   7  0   0  3.68e-05          1  135.791       1     0.0     0.0   256  1.219   0.00    0.0  98.8   0.0   0.3   0.0   58.6
0.0001  lag        39   7  0   0  3.72e-05       1.01   86.774   0.639    35.8    35.8   112  0.438   3.48    8.0  50.2  39.8   3.6   5.0   62.3
0.0001  lin        39   7  0   0  3.71e-05       1.01   47.058   0.347    47.8    47.8     0  0.438   4.98    8.0  22.9  52.3   8.3  13.9   42.9
0.0001  dst        39   7  0   0  3.65e-05      0.994   29.555   0.218    45.4    45.4     0  0.000   4.67    7.0   0.0  63.5  12.5  19.9   82.1
1e-05   direct     48   6  0   0  5.87e-06          1  167.830       1     0.0     0.0   336  1.143   0.00    0.0  98.8   0.0   0.3   0.0   72.1
1e-05   lag        48   6  0   0  5.82e-06      0.991   96.843   0.577    40.2    40.2    96  0.286   4.03    8.0  38.2  49.4   4.3   6.6   72.3
1e-05   lin        48   6  0   0  5.84e-06      0.995   55.251   0.329    49.2    49.2     0  0.286   5.15    8.0  16.6  56.4   8.9  15.3   44.4
1e-05   dst        48   6  0   0  5.87e-06      0.999   36.563   0.218    45.6    45.6     0  0.000   4.70    7.0   0.0  63.6  12.5  19.8  144.2
1e-06   direct     63   3  0   0  8.75e-07          1  221.246       1     0.0     0.0   480  1.050   0.00    0.0  98.8   0.0   0.3   0.0  114.7
1e-06   lag        63   3  0   0  8.71e-07      0.995  126.435   0.571    42.3    42.3   112  0.233   4.28    9.0  34.5  52.1   4.5   7.3  132.2
1e-06   lin        63   3  0   0  8.72e-07      0.997   73.053    0.33    50.4    50.4     0  0.233   5.30    9.0  14.8  57.4   9.1  16.1   64.8
1e-06   dst        63   3  0   0  8.69e-07      0.993   47.567   0.215    45.3    45.3     0  0.000   4.66    6.0   0.0  63.6  12.5  19.7  127.2
1e-07   direct     93   4  0   0  1.13e-07          1  327.980       1     0.0     0.0   712  1.045   0.00    0.0  98.8   0.0   0.3   0.0  148.9
1e-07   lag        93   4  0   0  1.13e-07      0.997  177.619   0.542    48.3    48.3    96  0.135   5.03    9.0  20.8  62.6   5.4   9.6  132.3
1e-07   lin        93   4  0   0  1.12e-07      0.997  107.372   0.327    53.2    53.2     0  0.135   5.65   10.0   8.5  61.0   9.7  18.2  106.4
1e-07   dst        93   4  0   0  1.12e-07      0.994   70.632   0.215    45.5    45.5     0  0.000   4.68    6.0   0.0  63.6  12.5  19.8  199.0
1e-08   direct    140   4  0   0  1.14e-08          1  495.218       1     0.0     0.0  1088  1.029   0.00    0.0  98.8   0.0   0.3   0.0  222.8
1e-08   lag       140   4  0   0  1.13e-08      0.997  265.523   0.536    50.4    50.4   112  0.103   5.29   10.0  16.4  65.8   5.6  10.6  207.1
1e-08   lin       140   4  0   0  1.13e-08      0.992  162.996   0.329    54.5    54.5     0  0.103   5.81   10.0   6.6  61.9   9.8  19.0  133.8
1e-08   dst       140   4  0   0  1.13e-08      0.996  106.729   0.216    45.6    45.6     0  0.000   4.70    6.0   0.0  63.5  12.5  19.9  307.6

### bruss2d-256: matched accuracy, work = F (total flops); ratio arm/ref at endpoint error E. R = log-log regression frontier over the ladder (x = extrapolated), Rw = local window fit, C = harness cheapest-run-reaching-E
  vs direct:                  E=1e-04                E=1e-05                E=1e-06                E=1e-07                E=1e-08
  lag              0.632x/n/a/0.639       0.603 /n/a/0.577     0.575 /0.564/0.571     0.549 /0.549/0.536         0.523x/n/a/n/a
  lin              0.341x/n/a/0.347       0.337 /n/a/0.329      0.333 /0.329/0.33     0.329 /0.329/0.329         0.325x/n/a/n/a
  dst              0.218x/n/a/0.218       0.217 /n/a/0.218     0.216 /0.216/0.215     0.215 /0.215/0.216         0.215x/n/a/n/a

### bruss2d-256: matched accuracy, work = F (total flops); ratio arm/ref at endpoint error E. R = log-log regression frontier over the ladder (x = extrapolated), Rw = local window fit, C = harness cheapest-run-reaching-E

### bruss2d-64-a0.1: per-rtol cells (err = max|y-ref|/max|ref| at t_end; F = total Gflop, sparse JVP model)
rtol    arm       att rej lf stl       err err/err_dir       GF  GF/dir jvp/att pcs/att  cjvp LU/acc col/st p95max   LU%   PC%  JVP% orth%   wall
0.0001  direct     19   0  0   0  1.58e-07          1    0.807       1     0.0     0.0   152  1.000   0.00    0.0  93.5   0.0   1.8   0.0    0.6
0.0001  mf         19   0  0   0  1.82e-07       1.15    9.533    11.8   387.2     0.0     0  0.000  46.66  128.5   0.0   0.0  10.0  89.6    2.1
0.0001  lag        19   0  0   0  1.57e-07       0.99    1.033    1.28    25.2    25.2   104  0.684   2.16    7.1  41.1  40.8   7.0   7.5    0.7
0.0001  lin        19   0  0   0  1.57e-07      0.989    0.788   0.977    41.4    41.4     0  0.684   4.19    8.0  14.2  48.0  13.0  20.0    0.7
0.0001  dst        19   0  0   0  1.59e-07          1    0.634   0.786    38.6    38.6     0  0.000   3.84    6.1   0.0  57.8  15.1  21.3    0.5
1e-05   direct     23   0  0   0  1.22e-07          1    0.977       1     0.0     0.0   184  1.000   0.00    0.0  93.5   0.0   1.8   0.0    0.7
1e-05   mf         23   0  0   0  1.22e-07      0.996   11.084    11.3   370.0     0.0     0  0.000  44.60  116.3   0.0   0.0  10.0  89.6    2.4
1e-05   lag        23   0  0   0  1.22e-07          1    1.274     1.3    29.0    29.0   104  0.565   2.63    7.9  33.3  46.2   7.6   9.3    0.9
1e-05   lin        23   0  0   0  1.22e-07      0.998    0.972   0.995    43.3    43.3     0  0.565   4.42    8.9  11.5  49.4  13.3  21.1    0.9
1e-05   dst        23   0  0   0  1.22e-07      0.998    0.779   0.798    39.3    39.3     0  0.000   3.91    6.0   0.0  58.0  15.1  21.2    0.6
1e-06   direct     31   0  0   0  1.22e-08          1    1.316       1     0.0     0.0   248  1.000   0.00    0.0  93.5   0.0   1.8   0.0    0.9
1e-06   mf         31   0  0   0  1.11e-08      0.915   13.143    9.98   333.5     0.0     0  0.000  40.19   99.5   0.0   0.0  10.2  89.3    2.8
1e-06   lag        31   0  0   0  1.22e-08      0.999    1.809    1.37    34.1    34.1   112  0.452   3.26    9.0  25.3  51.4   8.2  11.8    1.3
1e-06   lin        31   0  0   0  1.22e-08          1    1.342    1.02    45.1    45.1     0  0.452   4.63    9.0   9.0  50.1  13.5  22.8    1.2
1e-06   dst        31   0  0   0  1.22e-08          1    1.032   0.784    38.7    38.7     0  0.000   3.83    6.0   0.0  58.1  15.1  21.0    0.7
1e-07   direct     44   0  0   0  3.20e-10          1    1.869       1     0.0     0.0   352  1.000   0.00    0.0  93.5   0.0   1.8   0.0    1.3
1e-07   mf         44   0  0   0  3.31e-10       1.03   16.113    8.62   298.9     0.0     0  0.000  35.99   88.2   0.0   0.0  10.6  88.9    3.8
1e-07   lag        44   0  0   0  3.20e-10          1    2.682    1.44    39.9    39.9   104  0.295   3.98    9.9  15.8  57.6   8.9  14.5    1.8
1e-07   lin        44   0  0   0  3.20e-10          1    1.939    1.04    47.1    47.1     0  0.295   4.89   10.0   5.8  51.5  13.9  24.4    2.2
1e-07   dst        44   0  0   0  3.20e-10          1    1.450   0.776    38.3    38.3     0  0.000   3.79    5.0   0.0  58.1  15.1  20.9    1.4
1e-08   direct     64   0  0   0  4.11e-11          1    2.718       1     0.0     0.0   512  1.000   0.00    0.0  93.5   0.0   1.8   0.0    2.5
1e-08   mf         64   0  0   0  3.85e-11      0.936   19.891    7.32   264.2     0.0     0  0.000  31.73   69.7   0.0   0.0  11.1  88.3    5.0
1e-08   lag        64   0  0   0  4.11e-11          1    4.138    1.52    44.4    44.4   112  0.219   4.54   10.0  11.0  60.5   9.2  16.3    2.6
1e-08   lin        64   0  0   0  4.11e-11          1    2.952    1.09    49.6    49.6     0  0.219   5.20   10.0   4.1  51.8  14.0  25.9    2.4
1e-08   dst        64   0  0   0  4.11e-11          1    2.113   0.778    38.4    38.4     0  0.000   3.80    5.0   0.0  58.1  15.1  20.9    1.4

### bruss2d-64-a0.1: matched accuracy, work = F (total flops); ratio arm/ref at endpoint error E. R = log-log regression frontier over the ladder (x = extrapolated), Rw = local window fit, C = harness cheapest-run-reaching-E; points with err < 5.0e-14 (30x ref uncertainty) excluded
  vs direct:                  E=1e-06                E=1e-07                E=1e-08                E=1e-09                E=1e-10                E=1e-11
  mf                 12.9x/n/a/11.8        11.4 /11.4/9.98           10 /n/a/8.62         8.86 /n/a/8.62         7.81 /n/a/7.32          6.89x/n/a/n/a
  lag                1.25x/n/a/1.28          1.3 /1.3/1.37         1.36 /n/a/1.44         1.42 /n/a/1.44         1.49 /n/a/1.52          1.55x/n/a/n/a
  lin              0.965x/n/a/0.977      0.989 /0.989/1.02         1.01 /n/a/1.04         1.04 /n/a/1.04         1.07 /n/a/1.09          1.09x/n/a/n/a
  dst              0.794x/n/a/0.786       0.79 /0.79/0.784       0.786 /n/a/0.776       0.781 /n/a/0.776       0.777 /n/a/0.778         0.772x/n/a/n/a

### bruss2d-64-a0.1: matched accuracy, work = F (total flops); ratio arm/ref at endpoint error E. R = log-log regression frontier over the ladder (x = extrapolated), Rw = local window fit, C = harness cheapest-run-reaching-E; points with err < 5.0e-14 (30x ref uncertainty) excluded
  vs mf:                  E=1e-06                E=1e-07                E=1e-08                E=1e-09                E=1e-10                E=1e-11
  lag             0.0966x/n/a/0.108     0.114 /0.114/0.138       0.136 /n/a/0.166       0.161 /n/a/0.166        0.19 /n/a/0.208         0.226x/n/a/n/a
  lin            0.0747x/n/a/0.0827   0.0869 /0.0868/0.102        0.101 /n/a/0.12        0.117 /n/a/0.12       0.136 /n/a/0.148         0.159x/n/a/n/a
  dst            0.0615x/n/a/0.0665  0.0694 /0.0694/0.0785       0.0782 /n/a/0.09       0.0882 /n/a/0.09      0.0994 /n/a/0.106         0.112x/n/a/n/a

### bruss2d-128-a0.1: per-rtol cells (err = max|y-ref|/max|ref| at t_end; F = total Gflop, sparse JVP model)
rtol    arm       att rej lf stl       err err/err_dir       GF  GF/dir jvp/att pcs/att  cjvp LU/acc col/st p95max   LU%   PC%  JVP% orth%   wall
0.0001  direct     19   0  0   0  1.70e-07          1    6.894       1     0.0     0.0   152  1.000   0.00    0.0  96.9   0.0   0.9   0.0    3.6
0.0001  mf         19   0  0   0  1.42e-07      0.831   91.798    13.3   864.0     0.0     0  0.000 104.87  360.2   0.0   0.0   9.3  90.5   21.6
0.0001  lag        19   0  0   0  1.69e-07      0.993    7.083    1.03    25.3    25.3   104  0.684   2.17    7.1  57.5  31.8   4.1   4.4    4.9
0.0001  lin        19   0  0   0  1.69e-07      0.992    4.256   0.617    41.2    41.2     0  0.684   4.16    8.0  25.3  47.0   9.6  14.7    3.1
0.0001  dst        19   0  0   0  1.69e-07       0.99    2.753   0.399    38.3    38.3     0  0.000   3.80    6.1   0.0  61.5  13.8  19.3    2.3
1e-05   direct     23   0  0   0  1.11e-07          1    8.351       1     0.0     0.0   184  1.000   0.00    0.0  96.9   0.0   0.9   0.0    4.2
1e-05   mf         23   0  0   0  1.11e-07      0.996  105.721    12.7   823.0     0.0     0  0.000  99.85  306.6   0.0   0.0   9.4  90.5   25.8
1e-05   lag        23   0  0   0  1.11e-07          1    8.266    0.99    29.1    29.1   104  0.565   2.64    7.9  49.3  38.0   4.7   5.8    4.5
1e-05   lin        23   0  0   0  1.11e-07      0.998    5.144   0.616    43.3    43.3     0  0.565   4.41    8.9  20.9  49.5  10.1  16.0    4.4
1e-05   dst        23   0  0   0  1.11e-07          1    3.366   0.403    38.8    38.8     0  0.000   3.85    6.0   0.0  61.7  13.8  19.2    2.8
1e-06   direct     31   0  0   0  1.24e-08          1   11.266       1     0.0     0.0   248  1.000   0.00    0.0  96.9   0.0   0.9   0.0    6.1
1e-06   mf         31   0  0   0  1.14e-08      0.917  120.553    10.7   705.8     0.0     0  0.000  85.59  227.0   0.0   0.0   9.5  90.3   29.3
1e-06   lag        31   0  0   0  1.24e-08      0.999   11.141   0.989    34.5    34.5   112  0.452   3.31    9.0  39.4  45.1   5.4   7.9    6.9
1e-06   lin        31   0  0   0  1.24e-08          1    6.950   0.617    45.2    45.2     0  0.452   4.65    9.5  16.7  51.5  10.5  17.8    5.2
1e-06   dst        31   0  0   0  1.24e-08          1    4.492   0.399    38.5    38.5     0  0.000   3.81    6.0   0.0  61.7  13.9  19.1    3.5
1e-07   direct     44   0  0   0  3.38e-10          1   16.002       1     0.0     0.0   352  1.000   0.00    0.0  97.0   0.0   0.9   0.0    9.3
1e-07   mf         44   0  0   0  3.27e-10      0.968  149.618    9.35   622.8     0.0     0  0.000  75.48  205.1   0.0   0.0   9.6  90.2   36.1
1e-07   lag        44   0  0   0  3.37e-10          1   15.326   0.958    40.3    40.3   104  0.295   4.04   10.0  26.6  54.4   6.3  10.4    8.5
1e-07   lin        44   0  0   0  3.38e-10          1    9.794   0.612    47.5    47.5     0  0.295   4.94   10.0  11.0  54.6  11.1  19.8    7.4
1e-07   dst        44   0  0   0  3.38e-10          1    6.334   0.396    38.2    38.2     0  0.000   3.78    5.0   0.0  61.8  13.9  19.0    5.4
1e-08   direct     65   0  0   0  1.16e-10          1   23.652       1     0.0     0.0   520  1.000   0.00    0.0  97.0   0.0   0.9   0.0   11.7
1e-08   mf         65   0  0   0  1.19e-10       1.03  186.984    7.91   534.8     0.0     0  0.000  64.76  168.4   0.0   0.0   9.7  90.0   45.5
1e-08   lag        65   0  0   0  1.16e-10          1   23.347   0.987    44.9    44.9   120  0.231   4.62   10.0  20.2  58.8   6.7  12.1   13.2
1e-08   lin        65   0  0   0  1.16e-10          1   15.065   0.637    50.3    50.3     0  0.231   5.30   11.0   8.2  55.5  11.3  21.5   10.3
1e-08   dst        65   0  0   0  1.16e-10          1    9.351   0.395    38.2    38.2     0  0.000   3.77    5.0   0.0  61.7  13.9  19.0    6.9

### bruss2d-128-a0.1: matched accuracy, work = F (total flops); ratio arm/ref at endpoint error E. R = log-log regression frontier over the ladder (x = extrapolated), Rw = local window fit, C = harness cheapest-run-reaching-E
  vs direct:                  E=1e-06                E=1e-07                E=1e-08                E=1e-09                E=1e-10
  mf                 14.5x/n/a/13.3        12.5 /12.6/10.7         10.9 /n/a/9.35          9.4 /n/a/9.35          8.14x/n/a/n/a
  lag                1.02x/n/a/1.03          1 /1.01/0.989       0.992 /n/a/0.958       0.981 /n/a/0.958         0.969x/n/a/n/a
  lin              0.612x/n/a/0.617     0.615 /0.616/0.617       0.619 /n/a/0.612       0.622 /n/a/0.612         0.626x/n/a/n/a
  dst              0.402x/n/a/0.399       0.401 /0.4/0.399       0.399 /n/a/0.396       0.397 /n/a/0.396         0.395x/n/a/n/a

### bruss2d-128-a0.1: matched accuracy, work = F (total flops); ratio arm/ref at endpoint error E. R = log-log regression frontier over the ladder (x = extrapolated), Rw = local window fit, C = harness cheapest-run-reaching-E
  vs mf:                  E=1e-06                E=1e-07                E=1e-08                E=1e-09                E=1e-10
  lag            0.0701x/n/a/0.0772    0.08 /0.0801/0.0924      0.0913 /n/a/0.102       0.104 /n/a/0.102         0.119x/n/a/n/a
  lin            0.0422x/n/a/0.0464    0.049 /0.049/0.0577      0.057 /n/a/0.0655     0.0662 /n/a/0.0655        0.0769x/n/a/n/a
  dst              0.0278x/n/a/0.03  0.0319 /0.0319/0.0373     0.0367 /n/a/0.0423     0.0422 /n/a/0.0423        0.0485x/n/a/n/a
